0
91
82
110
104
120
117
133
128
131
155
130
189
154
178
188
194
231
247
220
239
268
260
265
296
304
300
330
356
364
360
403
392
438
450
468
495
491
543
546
590
571
632
676
688
812
798
870
900
969
1080
1056
1182
1191
1239
1266
1303
1334
1291
1315
1346
1292
1214
1216
1215
1162
1152
1064
1013
954
927
850
915
828
821
808
725
756
748
689
731
732
709
719
678
697
732
699
696
738
781
738
757
773
834
893
881
888
925
946
958
969
1024
996
1024
1051
1120
1120
1169
1140
1196
1241
1312
1301
1375
1371
1347
1445
1474
1510
1494
1617
1615
1691
1704
1765
1782
1838
1884
1900
1976
2087
1954
2036
2134
2109
2116
2303
2244
2122
2275
2415
2288
2393
2328
2419
2475
2461
2484
2456
2462
2360
2435
2366
2333
2339
2186
2088
2044
1862
1809
1769
1598
1564
1445
1394
1364
1278
1271
1185
1158
1146
1077
1148
1150
1106
1148
1139
1167
1091
1096
1104
1190
1126
1129
1102
1099
1236
1243
1156
1215
1223
1176
1273
1254
1295
1326
1359
1401
1340
1371
1474
1483
1484
1541
1565
1535
1627
1613
1718
1726
1855
1856
1844
1909
1853
2014
2046
2040
2087
2155
2246
2297
2387
2297
2316
2393
2328
2334
2471
2404
2326
2382
2543
2512
2565
2531
2505
2519
2527
2589
2533
2617
2594
2619
2522
2639
2642
2482
2668
2576
2599
2545
2559
2610
2523
2612
2444
2365
2387
2318
2381
2345
2114
2151
2032
2010
1903
1810
1719
1729
1588
1596
1492
1444
1409
1289
1310
1269
1215
1169
1119
1195
1188
1178
1189
1173
1241
1099
1124
1194
1187
1267
1189
1250
1188
1251
1327
1271
1262
1318
1316
1340
1269
1347
1356
1450
1486
1474
1462
1542
1580
1522
1604
1710
1633
1702
1751
1805
1726
1906
1848
1900
2021
2024
1948
2088
2110
2085
2228
2136
2256
2186
2256
2173
2211
2306
2290
2262
2208
2229
2288
2330
2132
2237
2215
2210
2205
2218
2248
2241
2166
2124
2192
2073
2151
2245
2217
2210
2117
2169
2139
2301
2096
2162
2100
2163
2089
1982
1956
2097
2052
1942
1905
1904
1812
1774
1764
1636
1534
1506
1517
1410
1347
1349
1285
1236
1193
1213
1086
1121
1049
1060
1026
1062
985
1057
1003
1047
1025
1038
995
1036
1084
1032
1073
1099
1058
1087
1193
1027
1101
1152
1174
1122
1231
1220
1187
1185
1208
1306
1224
1310
1238
1347
1445
1435
1417
1485
1488
1524
1431
1533
1588
1578
1658
1607
1673
1732
1713
1701
1783
1719
1747
1814
1754
1739
1691
1678
1744
1689
1668
1690
1688
1657
1662
1641
1706
1668
1615
1642
1676
1630
1665
1642
1607
1669
1606
1664
1524
1651
1524
1626
1567
1634
1630
1600
1557
1551
1632
1525
1506
1522
1431
1488
1380
1389
1238
1279
1217
1144
1179
1089
1035
958
969
893
956
868
861
843
841
808
775
774
774
754
748
804
764
765
738
791
755
793
847
800
790
835
753
768
823
871
826
871
835
817
849
857
953
980
901
926
910
975
907
1014
1015
1019
1090
1097
1112
1124
1161
1167
1108
1158
1173
1179
1159
1239
1140
1133
1204
1169
1169
1179
1138
1173
1142
1217
1175
1166
1128
1148
1078
1082
1132
1131
1094
1129
1049
1073
1121
1098
1095
1147
1110
1125
1090
1024
1032
1087
1022
1037
1073
1086
1051
1063
1072
991
1014
997
939
980
934
878
846
845
800
828
772
746
731
676
672
669
683
591
572
616
564
568
572
566
527
581
492
531
494
544
507
508
500
510
538
504
505
527
525
515
528
528
584
554
608
568
570
599
577
573
615
640
601
581
653
637
659
677
650
696
749
686
717
694
756
732
730
686
680
729
710
753
734
725
743
757
756
720
755
710
728
742
691
715
708
651
712
673
712
670
704
688
727
668
657
658
705
677
695
660
705
695
704
655
673
678
617
656
657
597
646
571
605
577
618
544
544
519
478
517
453
461
448
436
411
389
412
401
364
386
350
311
370
361
323
315
308
329
329
322
320
315
330
308
336
339
313
322
326
302
345
325
308
327
347
353
364
317
334
365
371
347
359
354
397
387
389
371
383
421
404
377
438
445
436
440
401
401
389
460
434
421
446
429
389
439
411
406
411
484
428
410
449
403
391
418
395
443
433
435
378
414
401
395
345
422
350
372
389
393
380
404
375
410
378
402
382
382
392
317
396
343
336
343
283
306
318
279
312
282
277
258
254
260
251
238
235
236
224
202
201
221
194
190
199
198
202
183
187
178
188
169
178
187
154
185
177
200
191
194
180
150
206
162
164
182
179
189
199
223
201
207
199
219
202
186
223
211
225
237
216
254
229
217
224
240
220
229
239
224
197
224
218
224
221
230
185
224
233
223
219
248
223
188
217
210
211
217
211
202
224
202
203
229
200
223
228
221
208
166
184
197
216
196
174
202
179
214
173
162
167
161
189
164
193
169
188
147
146
139
146
128
133
149
125
126
115
112
120
113
118
119
115
105
107
111
97
103
111
116
111
86
115
100
92
98
74
122
105
99
132
100
87
93
94
96
92
91
119
89
126
113
107
123
113
143
96
125
116
117
136
118
102
109
115
139
133
125
113
128
133
107
136
114
116
128
114
136
126
116
122
127
133
110
123
104
114
111
104
120
112
109
109
108
119
103
102
122
107
107
111
95
107
111
105
118
113
96
83
96
90
93
94
88
84
82
76
70
78
82
76
70
77
82
65
72
67
69
63
61
67
50
63
48
57
61
56
55
50
71
71
48
50
53
48
51
50
53
59
58
34
63
49
49
67
67
45
47
48
46
62
52
49
70
50
58
61
56
54
61
86
62
68
71
56
64
67
57
61
71
69
48
55
70
60
57
62
63
64
52
60
68
57
57
56
57
47
55
44
56
65
69
47
50
46
58
62
54
42
57
45
56
51
47
50
58
39
47
43
52
49
46
47
43
41
41
29
30
32
32
43
37
29
37
30
20
33
39
30
40
30
26
23
18
25
26
23
27
31
24
17
27
19
30
20
32
20
19
20
24
20
25
41
28
27
24
28
26
25
17
28
37
13
33
32
26
22
41
27
29
37
31
41
28
27
35
30
23
27
27
24
28
18
33
36
32
30
29
25
21
29
32
31
29
32
36
23
24
27
30
33
36
25
22
30
23
26
26
22
27
28
19
24
22
24
17
24
24
13
10
22
28
18
24
21
22
24
19
20
13
24
12
20
12
15
17
11
9
12
9
13
9
14
16
14
8
10
14
9
12
22
10
10
15
13
15
17
13
11
8
13
13
8
14
18
12
8
11
16
13
16
11
11
16
25
13
15
8
14
17
19
17
9
16
13
7
13
15
19
16
14
10
14
17
15
15
14
18
13
18
12
11
12
10
11
12
14
17
16
11
10
16
14
7
14
8
14
11
12
18
11
11
11
12
17
11
17
10
12
11
11
11
5
10
8
11
13
5
8
5
7
7
9
8
6
7
10
3
6
8
7
8
5
5
8
1
5
6
7
6
4
6
7
6
4
4
4
9
7
4
6
7
3
4
8
4
8
9
6
6
11
7
9
7
6
5
12
11
8
6
5
7
7
6
4
5
5
4
8
6
11
6
6
6
10
9
10
7
8
3
3
8
10
6
6
3
5
5
6
10
7
5
7
10
4
3
5
2
11
8
2
4
10
6
4
4
7
2
3
3
3
6
3
2
3
3
3
2
7
2
4
4
2
6
4
3
6
0
0
3
0
3
1
4
4
1
6
3
0
5
1
3
3
4
2
0
2
4
6
0
2
5
3
8
3
1
5
2
4
1
2
4
3
4
1
6
2
3
2
7
2
1
5
6
3
5
4
4
3
4
1
1
4
4
1
0
3
3
4
5
1
0
2
1
1
2
2
1
4
1
2
1
4
2
1
3
2
8
2
2
1
2
1
1
3
2
1
2
2
3
1
1
0
2
3
1
0
3
0
0
0
1
2
0
1
4
0
0
1
1
0
2
0
4
2
0
0
1
1
4
0
1
2
1
2
0
1
2
0
2
1
1
1
1
1
1
2
2
1
0
2
1
0
0
1
3
2
0
1
4
1
1
2
1
0
2
1
2
1
2
0
0
0
0
1
1
1
1
1
0
2
0
2
0
2
1
0
0
1
1
0
0
2
0
1
1
0
0
0
0
1
0
1
1
0
0
2
0
2
0
1
3
1
1
0
1
0
0
1
0
1
0
0
0
0
0
1
2
0
0
0
0
0
1
1
1
3
0
0
0
1
1
1
0
0
0
2
0
0
0
2
1
0
1
0
0
0
1
1
0
1
2
0
0
0
1
1
1
1
4
0
0
1
1
2
0
0
0
0
1
1
0
0
0
0
1
1
0
0
0
0
0
0
0
1
1
1
0
0
0
1
0
0
2
0
1
1
0
0
0
1
2
0
0
0
0
0
1
1
1
0
0
0
0
0
0
0
0
0
1
2
0
0
0
0
1
0
0
0
1
0
1
0
0
0
1
0
1
1
0
1
0
0
0
0
0
0
0
0
0
0
0
0
0
0
0
0
0
1
0
0
0
1
0
0
0
0
0
0
0
1
1
0
0
0
0
0
0
0
0
0
0
1
0
0
0
0
0
0
0
0
1
0
0
2
0
0
0
0
0
0
1
0
0
0
0
0
0
0
0
0
0
0
0
0
0
0
0
0
0
0
0
0
0
0
0
0
0
0
0
0
0
1
0
2
0
0
0
0
0
0
0
0
0
0
0
0
0
0
1
0
0
0
0
0
0
0
0
0
0
0
0
0
0
0
0
0
0
0
0
0
0
0
0
0
0
0
0
0
0
0
1
0
0
0
0
0
0
0
0
0
0
0
0
0
0
0
0
0
0
0
0
0
0
0
0
0
0
0
0
0
0
1
0
0
1
0
0
0
0
0
0
0
0
0
0
0
0
0
0
0
0
0
0
0
0
0
0
0
0
0
0
0
0
0
0
0
0
0
0
0
0
0
0
0
0
0
0
0
0
0
0
0
0
0
0
0
0
0
0
0
0
0
0
0
0
0
0
0
0
0
0
0
0
0
0
0
0
0
0
0
0
0
0
0
0
0
0
0
0
0
0
0
0
0
0
0
0
0
0
0
0
0
0
0
0
0
0
0
0
0
0
0
0
0
0
0
0
0
0
0
0
0
0
0
0
0
0
0
0
0
0
0
0
0
0
0
0
0
0
0
0
0
0
0
0
0
0
0
0
0
0
0
0
0
0
0
0
0
0
0
0
0
0
0
0
0
0
0
0
0
0
0
0
0
0
0
0
0
0
0
0
0
0
0
0
0
0
0
0
0
0
0
0
0
0
0
0
0
0
0
0
0
0
0
0
0
0
0
0
0
0
0
0
0
0
0
0
0
0
0
0
0
0
0
0
0
0
0
0
0
0
0
0
0
0
0
0
0
0
0
0
0
0
0
0
0
0
0
0
0
0
0
0
0
0
0
0
0
0
0
0
0
0
0
0
0
0
0
0
0
0
0
0
0
0
0
0
0
0
0
0
0
0
0
0
0
0
0
0
0
0
0
0
0
0
0
0
0
0
0
0
0
0
0
0
0
0
0
0
0
0
0
0
0
0
0
0
0
0
0
0
0
0
0
0
0
0
0
0
0
0
0
0
0
0
0
0
0
0
0
0
0
0
0
0
0
0
0
0
0
0
0
0
0
0
0
0
0
0
0
0
0
0
0
0
0
0
0
0
0
0
0
0
0
0
0
0
0
0
0
0
0
0
0
0
0
0
0
0
0
0
0
0
0
0
0
0
0
0
0
0
0
0
0
0
0
0
0
0
0
0
0
0
0
0
0
0
0
0
0
0
0
0
0
0
0
0
0
0
0
0
0
0
0
0
0
0
0
0
0
0
0
0
0
0
0
0
0
0
0
0
0
0
0
0
0
0
0
0
0
0
0
0
0
0
0
0
0
0
0
0
0
0
0
0
0
0
0
0
0
0
0
0
0
0
0
0
0
0
0
0
0
0
0
0
0
0
0
0
0
0
0
0
0
0
0
0
0
0
0
0
0
0
0
0
0
0
0
0
0
0
0
0
0
0
0
0
0
0
0
0
0
0
0
0
0
0
0
0
0
0
0
0
0
0
0
0
0
0
0
0
0
0
0
0
0
0
0
0
0
0
0
0
0
0
0
0
0
0
0
0
0
0
0
0
0
0
0
0
0
0
0
0
0
0
0
0
0
0
0
0
0
0
0
0
0
0
0
0
0
0
0
0
0
0
0
0
0
0
0
0
0
0
0
0
0
0
0
0
0
0
0
0
0
0
0
0
0
0
0
0
0
0
0
0
0
0
0
0
0
0
0
0
0
0
0
0
0
0
0
0
0
0
0
0
0
0
0
0
0
0
0
0
0
0
0
0
0
0
0
0
0
0
0
0
0
0
0
0
0
0
0
0
0
0
0
0
0
0
0
0
0
0
0
0
0
0
0
0
0
0
0
0
0
0
0
0
0
0
0
0
0
0
0
0
0
0
0
0
0
0
0
0
0
0
0
0
0
0
0
0
0
0
0
0
0
0
0
0
0
0
0
0
0
0
0
0
0
0
0
0
0
0
0
0
0
0
0
0
0
0
0
0
0
0
0
0
0
0
0
0
0
0
0
0
0
0
0
0
0
0
0
0
0
0
0
0
0
0
0
0
0
0
0
0
0
0
0
0
0
0
0
0
0
0
0
0
0
0
0
0
0
0
0
0
0
0
0
0
0
0
0
0
0
0
0
0
0
0
0
0
0
0
0
0
0
0
0
0
0
0
0
0
0
0
0
0
0
0
0
0
0
0
0
0
0
0
0
0
0
0
0
0
0
0
0
0
0
0
0
0
0
0
0
0
0
0
0
0
0
0
0
0
0
0
0
0
0
0
0
0
0
0
0
0
0
0
0
0
0
0
0
0
0
0
0
0
0
0
0
0
0
0
0
0
0
0
0
0
0
0
0
0
0
0
0
0
0
0
0
0
0
0
0
0
0
0
0
0
0
0
0
0
0
0
0
0
0
0
0
0
0
0
0
0
0
0
0
0
0
0
0
0
0
0
0
0
0
0
0
0
0
0
0
0
0
0
0
0
0
0
0
0
0
0
0
0
0
0
0
0
0
0
0
0
0
0
0
0
0
0
0
0
0
0
0
0
0
0
0
0
0
0
0
0
0
0
0
0
0
0
0
0
0
0
0
0
0
0
0
0
0
0
0
0
0
0
0
0
0
0
0
0
0
0
0
0
0
0
0
0
0
0
0
0
0
0
0
0
0
0
0
0
0
0
0
0
0
0
0
0
0
0
0
0
0
0
0
0
0
0
0
0
0
0
0
0
0
0
0
0
0
0
0
0
0
0
0
0
0
0
0
0
0
0
0
0
0
0
0
0
0
0
0
0
0
0
0
0
0
0
0
0
0
0
0
0
0
0
0
0
0
0
0
0
0
0
0
0
0
0
0
0
0
0
0
0
0
0
0
0
0
0
0
0
0
0
0
0
0
0
0
0
0
0
0
0
0
0
0
0
0
0
0
0
0
0
0
0
0
0
0
0
0
0
0
0
0
0
0
0
0
0
0
0
0
0
0
0
0
0
0
0
0
0
0
0
0
0
0
0
0
0
0
0
0
0
0
0
0
0
0
0
0
0
0
0
0
0
0
0
0
0
0
0
0
0
0
0
0
0
0
0
0
0
0
0
0
0
0
0
0
0
0
0
0
0
0
0
0
0
0
0
0
0
0
0
0
0
0
0
0
0
0
0
0
0
0
0
0
0
0
0
0
0
0
0
0
0
0
0
0
0
0
0
0
0
0
0
0
0
0
0
0
0
0
0
0
0
0
0
0
0
0
0
0
0
0
0
0
0
0
0
0
0
0
0
0
0
0
0
0
0
0
0
0
0
0
0
0
0
0
0
0
0
0
0
0
0
0
0
0
0
0
0
0
0
0
0
0
0
0
0
0
0
0
0
0
0
0
0
0
0
0
0
0
0
0
0
0
0
0
0
0
0
0
0
0
0
0
0
0
0
0
0
0
0
0
0
0
0
0
0
0
0
0
0
0
0
0
0
0
0
0
0
0
0
0
0
0
0
0
0
0
0
0
0
0
0
0
0
0
0
0
0
0
0
0
0
0
0
0
0
0
0
0
0
0
0
0
0
0
0
0
0
0
0
0
0
0
0
0
0
0
0
0
0
0
0
0
0
0
0
0
0
0
0
0
0
0
0
0
0
0
0
0
0
0
0
0
0
0
0
0
0
0
0
0
0
0
0
0
0
0
0
0
0
0
0
0
0
0
0
0
0
0
0
0
0
0
0
0
0
0
0
0
0
0
0
0
0
0
0
0
0
0
0
0
0
0
0
0
0
0
0
0
0
0
0
0
0
0
0
0
0
0
0
0
0
0
0
0
0
0
0
0
0
0
0
0
0
0
0
0
0
0
0
0
0
0
0
0
0
0
0
0
0
0
0
0
0
0
0
0
0
0
0
0
0
0
0
0
0
0
0
0
0
0
0
0
0
0
0
0
0
0
0
0
0
0
0
0
0
0
0
0
0
0
0
0
0
0
0
0
0
0
0
0
0
0
0
0
0
0
0
0
0
0
0
0
0
0
0
0
0
0
0
0
0
0
0
0
0
0
0
0
0
0
0
0
0
0
0
0
0
0
0
0
0
0
0
0
0
0
0
0
0
0
0
0
0
0
0
0
0
0
0
0
0
0
0
0
0
0
0
0
0
0
0
0
0
0
0
0
0
0
0
0
0
0
0
0
0
0
0
0
0
0
0
0
0
0
0
0
0
0
0
0
0
0
0
0
0
0
0
0
0
0
0
0
0
0
0
0
0
0
0
0
0
0
0
0
0
0
0
0
0
0
0
0
0
0
0
0
0
0
0
0
0
0
0
0
0
0
0
0
0
0
0
0
0
0
0
0
0
0
0
0
0
0
0
0
0
0
0
0
0
0
0
0
0
0
0
0
0
0
0
0
0
0
0
0
0
0
0
0
0
0
0
0
0
0
0
0
0
0
0
0
0
0
0
0
0
0
0
0
0
0
0
0
0
0
0
0
0
0
0
0
0
0
0
0
0
0
0
0
0
0
0
0
0
0
0
0
0
0
0
0
0
0
0
0
0
0
0
0
0
0
0
0
0
0
0
0
0
0
0
0
0
0
0
0
0
0
0
0
0
0
0
0
0
0
0
0
0
0
0
0
0
0
0
0
0
0
0
0
0
0
0
0
0
0
0
0
0
0
0
0
0
0
0
0
0
0
0
0
0
0
0
0
0
0
0
0
0
0
0
0
0
0
0
0
0
0
0
0
0
0
0
0
0
0
0
0
0
0
0
0
0
0
0
0
0
0
0
0
0
0
0
0
0
0
0
0
0
0
0
0
0
0
0
0
0
0
0
0
0
0
0
0
0
0
0
0
0
0
0
0
0
0
0
0
0
0
0
0
0
0
0
0
0
0
0
0
0
0
0
0
0
0
0
0
0
0
0
0
0
0
0
0
0
0
0
0
0
0
0
0
0
0
0
0
0
0
0
0
0
0
0
0
0
0
0
0
0
0
0
0
0
0
0
0
0
0
0
0
0
0
0
0
0
0
0
0
