0
3
3
0
2
3
2
3
5
4
2
3
3
6
8
6
4
6
7
8
3
13
8
6
5
10
10
17
18
13
19
11
14
12
18
23
17
26
24
17
35
30
34
27
38
28
35
38
32
49
35
40
37
35
46
50
43
41
43
39
31
41
39
42
41
49
37
37
32
43
50
54
38
51
56
43
35
40
61
45
52
63
61
57
94
74
70
78
76
72
91
85
98
105
104
110
86
122
113
115
132
136
116
130
122
104
145
159
146
159
156
149
125
146
154
163
150
176
165
185
188
173
164
162
172
166
140
157
168
152
158
133
145
127
129
119
116
145
129
132
123
137
112
159
126
137
139
145
138
165
166
156
170
157
177
186
177
204
215
203
210
223
253
237
243
265
257
258
291
284
307
304
294
329
351
352
353
339
376
378
362
382
405
384
403
401
440
402
406
398
448
431
434
455
449
470
427
424
447
411
423
445
386
380
352
370
395
352
346
317
303
285
294
273
296
299
274
255
272
281
274
274
282
269
263
279
319
345
364
332
345
326
417
371
400
369
398
387
395
483
435
463
454
487
532
476
546
588
582
575
609
700
641
679
684
700
728
729
720
763
770
765
761
838
848
807
786
790
773
768
789
784
773
785
683
785
760
762
752
768
763
796
766
738
776
715
789
685
705
721
669
712
616
594
609
639
579
550
535
538
529
532
531
519
508
534
527
543
563
582
556
550
575
591
596
653
633
659
705
752
730
740
770
751
727
800
846
871
880
866
933
994
990
1016
1078
1123
1099
1212
1155
1158
1182
1180
1159
1164
1188
1148
1200
1186
1172
1205
1196
1199
1220
1166
1187
1239
1093
1145
1173
1201
1166
1177
1140
1148
1235
1149
1107
1157
1123
1110
1046
1134
1042
1007
1001
991
934
946
880
932
839
815
797
813
819
751
813
775
777
702
808
777
811
829
783
811
806
861
902
878
942
959
948
983
1005
1049
1089
1139
1108
1166
1195
1235
1231
1260
1363
1376
1333
1449
1448
1468
1450
1455
1511
1530
1591
1516
1581
1504
1622
1507
1586
1579
1527
1605
1551
1547
1425
1521
1558
1505
1475
1531
1489
1511
1456
1487
1497
1479
1556
1472
1435
1448
1393
1399
1383
1326
1297
1283
1256
1257
1156
1200
1155
1061
1115
1027
1064
1060
1006
971
987
960
978
961
976
988
994
1031
1001
1072
1066
1056
1036
1130
1146
1104
1147
1154
1262
1305
1309
1343
1370
1407
1439
1551
1563
1593
1557
1644
1575
1688
1696
1724
1724
1739
1768
1752
1681
1810
1800
1778
1670
1838
1777
1806
1725
1747
1787
1687
1795
1690
1723
1758
1649
1714
1731
1750
1733
1773
1642
1710
1645
1557
1581
1602
1591
1631
1449
1444
1409
1388
1318
1340
1241
1261
1183
1225
1126
1139
1165
1071
1058
1103
1061
1087
1049
1075
1110
1126
1141
1093
1103
1174
1154
1147
1237
1223
1239
1282
1269
1362
1356
1429
1437
1415
1579
1517
1588
1644
1591
1630
1652
1712
1713
1748
1815
1789
1761
1801
1766
1755
1799
1830
1801
1832
1805
1729
1815
1810
1760
1800
1781
1748
1737
1815
1776
1785
1736
1677
1717
1726
1722
1713
1716
1635
1722
1678
1570
1553
1589
1512
1523
1433
1409
1420
1360
1320
1264
1212
1173
1136
1134
1049
1043
1114
1067
1059
1046
1097
1052
1030
1033
1100
1020
1090
1055
1141
1183
1212
1138
1258
1169
1257
1296
1332
1333
1338
1447
1426
1475
1453
1565
1507
1609
1556
1692
1663
1638
1670
1687
1742
1697
1759
1696
1787
1733
1682
1765
1633
1718
1602
1649
1732
1636
1649
1663
1635
1624
1632
1562
1681
1546
1610
1601
1605
1591
1553
1554
1572
1461
1500
1535
1392
1487
1376
1293
1274
1264
1256
1149
1171
1096
1069
1095
1057
1007
1013
958
977
965
1019
945
988
964
967
902
951
950
1030
982
1031
999
1123
1077
1115
1180
1173
1150
1212
1235
1286
1331
1343
1320
1367
1334
1361
1407
1345
1388
1487
1467
1390
1420
1472
1415
1390
1516
1473
1498
1485
1418
1416
1438
1484
1454
1392
1411
1490
1477
1428
1352
1369
1509
1402
1397
1333
1377
1290
1253
1336
1329
1302
1260
1142
1222
1220
1129
1136
1133
1068
1008
1030
1011
925
894
903
869
829
917
796
792
817
777
829
837
787
784
802
808
867
794
845
869
854
895
920
875
935
918
947
956
946
1030
1094
1034
1111
1068
1075
1124
1136
1123
1192
1177
1177
1139
1101
1241
1128
1217
1212
1213
1225
1080
1185
1243
1187
1148
1210
1192
1159
1153
1142
1121
1097
1117
1090
1111
1069
1065
1031
1094
1026
985
1028
1030
923
933
893
969
931
895
824
803
757
713
738
710
753
678
707
670
664
641
654
667
570
638
636
651
618
603
607
671
673
628
675
670
684
646
727
764
758
795
770
746
834
752
807
829
822
879
859
931
893
867
902
894
905
883
974
877
880
866
899
926
924
853
908
867
891
877
852
913
917
839
889
833
847
840
834
816
813
855
769
756
825
734
779
742
763
725
670
633
643
596
633
594
569
537
540
518
491
505
462
456
524
455
465
457
539
453
439
500
449
478
469
478
539
547
514
521
559
555
550
572
554
542
591
590
610
609
626
626
658
632
645
600
637
640
613
649
654
630
674
673
592
636
643
637
628
583
612
615
646
648
649
604
625
582
597
596
635
594
589
563
539
555
547
578
558
479
565
534
518
446
412
423
443
422
371
361
406
369
395
353
353
329
363
340
359
339
307
340
324
364
318
322
387
368
343
344
363
390
329
378
357
395
367
413
400
382
408
396
436
415
416
427
435
423
434
408
447
454
485
393
453
430
437
459
390
430
464
398
449
409
397
442
453
404
419
403
423
410
399
412
390
400
371
361
383
413
356
345
343
321
306
325
312
303
293
265
292
277
240
285
233
227
271
211
219
239
235
223
203
219
232
236
219
251
215
239
223
215
272
223
262
235
273
240
275
243
317
289
293
283
269
296
272
293
285
270
311
283
270
305
293
304
304
299
289
311
267
273
263
329
255
285
295
306
295
287
301
275
262
292
289
246
240
273
252
245
228
233
233
237
236
233
196
188
203
201
177
171
167
167
191
160
147
151
191
154
140
138
123
142
158
135
147
179
151
162
168
144
152
143
158
139
160
161
166
182
166
162
160
198
150
188
174
172
203
183
180
174
199
173
208
178
207
185
176
176
180
166
175
187
202
208
203
169
159
186
162
162
192
168
165
137
186
175
163
154
146
147
147
150
139
132
146
121
142
123
137
103
109
125
108
110
106
83
92
72
90
112
94
103
91
83
94
81
102
78
87
96
94
97
105
82
87
110
103
101
100
99
96
103
118
102
107
125
90
114
118
105
99
112
118
119
110
124
119
100
127
114
127
125
110
109
106
103
132
98
135
106
101
88
98
111
95
77
102
96
88
83
111
102
83
89
83
80
81
88
56
86
67
68
68
62
56
58
68
58
61
59
46
54
56
55
59
56
52
49
44
43
49
60
68
62
67
64
57
43
54
57
67
69
64
71
65
66
55
60
58
71
58
64
61
64
79
71
61
59
65
61
66
83
77
65
69
65
55
62
75
56
68
67
60
75
60
62
70
58
77
51
55
51
61
46
59
62
47
44
48
52
45
41
34
44
42
41
34
30
37
39
41
43
34
40
22
31
25
37
33
29
17
36
41
31
31
29
41
39
44
30
40
28
34
39
50
43
54
35
30
37
36
49
34
44
45
39
46
40
36
41
38
39
25
48
43
47
38
28
27
40
33
43
37
20
29
32
35
36
33
32
21
32
26
34
29
31
30
20
22
25
27
28
26
20
22
17
14
20
25
26
25
30
20
20
28
21
19
12
10
21
14
21
17
24
20
20
18
18
14
17
19
25
24
17
17
22
21
20
13
24
24
29
29
23
21
18
26
22
19
17
23
28
22
13
28
32
21
24
16
25
20
20
34
18
27
22
28
20
23
17
21
22
10
17
23
20
13
18
11
13
9
13
13
14
15
9
10
14
11
8
11
12
11
13
8
17
16
9
13
11
4
12
12
10
10
9
9
7
14
11
13
10
13
10
8
12
12
16
11
11
14
13
9
14
13
16
16
11
9
14
5
9
16
12
14
16
14
13
17
18
12
9
13
8
12
15
10
13
14
12
9
9
13
9
7
15
12
8
12
11
10
11
6
6
5
7
4
11
4
4
8
7
8
5
10
5
4
10
5
6
6
3
2
4
6
4
9
4
0
8
7
3
4
10
4
7
3
4
9
9
6
10
8
7
8
6
4
5
8
4
5
5
12
9
6
7
6
7
8
6
9
7
5
10
1
9
4
4
9
3
10
6
7
3
5
3
6
3
9
6
5
5
3
2
6
2
1
3
3
3
6
2
3
1
6
1
1
6
4
1
0
5
1
2
1
1
1
4
2
2
5
4
4
5
4
1
4
4
4
2
7
2
0
4
7
2
5
3
5
1
2
2
2
5
5
1
4
5
3
5
5
1
2
3
6
2
1
6
2
2
1
3
10
1
4
5
3
3
0
0
3
4
1
3
4
0
1
1
2
2
4
1
1
2
1
0
1
0
4
2
3
3
4
3
1
1
2
0
1
1
3
1
2
2
2
3
1
2
0
0
2
3
1
0
3
1
0
2
3
1
3
2
1
3
1
0
1
1
0
2
1
0
2
2
0
2
1
1
0
0
1
1
3
2
2
0
0
1
0
1
1
2
0
2
0
1
3
0
0
2
1
2
1
1
1
0
0
0
1
1
4
1
1
1
2
0
1
0
1
0
2
1
1
0
0
0
0
2
0
0
1
1
2
1
0
2
0
0
2
1
0
2
2
1
1
1
1
1
1
4
1
0
0
1
1
4
0
0
0
0
0
0
0
2
1
2
0
2
0
0
0
0
0
1
0
0
1
0
0
0
0
0
0
1
0
0
3
0
1
0
0
0
1
1
0
0
0
1
0
0
0
0
0
1
0
1
1
0
1
0
0
0
2
0
0
1
0
1
0
2
1
0
1
1
0
1
0
0
0
0
1
0
0
0
1
2
0
0
0
0
0
0
0
0
0
0
0
0
1
0
0
0
0
0
1
2
0
0
0
0
1
0
1
0
0
0
0
0
0
0
0
0
1
1
0
0
0
1
0
0
0
0
0
0
0
0
0
1
1
0
0
0
0
0
0
0
0
1
0
0
0
0
0
0
0
1
1
0
0
0
0
1
1
0
2
0
0
0
0
1
0
0
0
0
0
1
0
0
0
0
2
0
0
1
0
0
1
0
0
0
0
1
0
0
0
0
0
0
1
0
0
0
0
0
0
0
0
0
0
0
0
0
0
0
0
0
0
0
0
0
0
0
0
0
0
0
0
0
0
1
0
0
0
0
0
0
0
0
0
0
0
0
0
0
0
0
0
0
0
0
0
0
1
0
0
0
0
0
0
1
0
0
0
0
1
0
0
0
0
0
0
0
0
0
0
0
0
0
0
0
0
0
0
0
0
0
0
0
0
0
0
0
0
0
0
0
0
0
0
0
0
0
0
0
0
0
0
0
0
0
0
0
0
0
0
1
0
0
0
0
1
0
0
0
0
0
0
0
0
0
0
0
0
0
0
1
0
0
0
0
0
0
0
0
0
0
0
0
0
0
0
0
0
0
0
0
0
0
0
0
0
1
0
0
0
1
0
0
0
0
0
0
0
0
0
0
0
0
0
0
0
0
0
0
0
0
0
0
0
0
0
0
0
0
0
0
0
0
0
0
0
0
0
0
0
0
0
0
0
0
0
0
0
0
0
0
0
0
0
0
0
0
0
0
0
0
0
0
0
0
0
0
0
0
0
0
0
0
0
0
1
0
0
0
0
0
0
0
0
0
0
0
0
0
0
0
0
0
0
0
0
0
0
0
0
0
0
0
0
0
0
0
0
0
0
0
0
0
0
0
0
0
0
0
0
0
0
0
0
0
0
0
0
0
0
0
0
0
0
1
0
0
0
0
0
0
1
0
0
0
0
0
0
0
0
0
0
0
0
0
0
0
0
0
0
0
0
0
0
0
0
0
0
0
0
0
0
0
0
0
0
0
0
0
0
0
0
0
0
0
0
0
0
0
0
0
0
0
0
0
0
0
0
0
0
0
0
0
0
0
0
0
0
0
0
0
0
0
0
0
0
0
0
0
0
0
0
0
0
0
0
0
0
0
0
0
0
0
0
0
0
0
0
0
0
0
0
0
0
0
0
0
0
0
0
0
0
0
0
0
0
0
0
0
0
0
0
0
0
0
0
0
0
0
0
0
0
0
0
0
0
0
0
0
0
0
0
0
0
0
0
0
0
0
0
0
0
0
0
0
0
0
0
0
0
0
0
0
0
0
0
0
0
0
0
0
0
0
0
0
0
0
0
0
0
0
0
0
0
0
0
0
0
0
0
0
0
0
0
0
0
0
0
0
0
0
0
0
0
0
0
0
0
0
0
0
0
0
0
0
0
0
0
0
0
0
0
0
0
0
0
0
0
0
0
0
0
0
0
0
0
0
0
0
0
0
0
0
0
0
0
0
0
0
0
0
0
0
0
0
0
0
0
0
0
0
0
0
0
0
0
0
0
0
0
0
0
0
0
0
0
0
0
0
0
0
0
0
0
0
0
0
0
0
0
0
0
0
0
0
0
0
0
0
0
0
0
0
0
0
0
0
0
0
0
0
0
0
0
0
0
0
0
0
0
0
0
0
0
0
0
0
0
0
0
0
0
0
0
0
0
0
0
0
0
0
0
0
0
0
0
0
0
0
0
0
0
0
0
0
0
0
0
0
0
0
0
0
0
0
0
0
0
0
0
0
0
0
0
0
0
0
0
0
0
0
0
0
0
0
0
0
0
0
0
0
0
0
0
0
0
0
0
0
0
0
0
0
0
0
0
0
0
0
0
0
0
0
0
0
0
0
0
0
0
0
0
0
0
0
0
0
0
0
0
0
0
0
0
0
0
0
0
0
0
0
0
0
0
0
0
0
1
0
0
0
0
0
0
0
0
0
0
0
0
0
0
0
0
0
0
0
0
0
0
0
0
0
0
0
0
0
0
0
0
0
0
0
0
0
0
0
0
0
0
0
0
0
0
0
0
0
0
0
0
0
0
0
0
0
0
0
0
0
0
0
0
0
0
0
0
0
0
0
0
0
0
0
0
0
0
0
0
0
0
0
0
0
0
0
0
0
0
0
0
0
0
0
0
0
0
0
0
0
0
0
0
0
0
0
0
0
0
0
0
0
0
0
0
0
0
0
0
0
0
0
0
0
0
0
0
0
0
0
0
0
0
0
0
0
0
0
0
0
0
0
0
0
0
0
0
0
0
0
0
0
0
0
0
0
0
0
0
0
0
0
0
0
0
0
0
0
0
0
0
0
0
0
0
0
0
0
0
0
0
0
0
0
0
0
0
0
0
0
0
0
0
0
0
0
0
0
0
0
0
0
0
0
0
0
0
0
0
0
0
0
0
0
0
0
0
0
0
0
0
0
0
0
0
0
0
0
0
0
0
0
0
0
0
0
0
0
0
0
0
0
0
0
0
0
0
0
0
0
0
0
0
0
0
0
0
0
0
0
0
0
0
0
0
0
0
0
0
0
0
0
0
0
0
0
0
0
0
0
0
0
0
0
0
0
0
0
0
0
0
0
0
0
0
0
0
0
0
0
0
0
0
0
0
0
0
0
0
0
0
0
0
0
0
0
0
0
0
0
0
0
0
0
0
0
0
0
0
0
0
0
0
0
0
0
0
0
0
0
0
0
0
0
0
0
0
0
0
0
0
0
0
0
0
0
0
0
0
0
0
0
0
0
0
0
0
0
0
0
0
0
0
0
0
0
0
0
0
0
0
0
0
0
0
0
0
0
0
0
0
0
0
0
0
0
0
0
0
0
0
0
0
0
0
0
0
0
0
0
0
0
0
0
0
0
0
0
0
0
0
0
0
0
0
0
0
0
0
0
0
0
0
0
0
0
0
0
0
0
0
0
0
0
0
0
0
0
0
0
0
0
0
0
0
0
0
0
0
0
0
0
0
0
0
0
0
0
0
0
0
0
0
0
0
0
0
0
0
0
0
0
0
0
0
0
0
0
0
0
0
0
0
0
0
0
0
0
0
0
0
0
0
0
0
0
0
0
0
0
0
0
0
0
0
0
0
0
0
0
0
0
0
0
0
0
0
0
0
0
0
0
0
0
0
0
0
0
0
0
0
0
0
0
0
0
0
0
0
0
0
0
0
0
0
0
0
0
0
0
0
0
0
0
0
0
0
0
0
0
0
0
0
0
0
0
0
0
0
0
0
0
0
0
0
0
0
0
0
0
0
0
0
0
0
0
0
0
0
0
0
0
0
0
0
0
0
0
0
0
0
0
0
0
0
0
0
0
0
0
0
0
0
0
0
0
0
0
0
0
0
0
0
0
0
0
0
0
0
0
0
0
0
0
0
0
0
0
0
0
0
0
0
0
0
0
0
0
0
0
0
0
0
0
0
0
0
0
0
0
0
0
0
0
0
0
0
0
0
0
0
0
0
0
0
0
0
0
0
0
0
0
0
0
0
0
0
0
0
0
0
0
0
0
0
0
0
0
0
0
0
0
0
0
0
0
0
0
0
0
0
0
0
0
0
0
0
0
0
0
0
0
0
0
0
0
0
0
0
0
0
0
0
0
0
0
0
0
0
0
0
0
0
0
0
0
0
0
0
0
0
0
0
0
0
0
0
0
0
0
0
0
0
0
0
0
0
0
0
0
0
0
0
0
0
0
0
0
0
0
0
0
0
0
0
0
0
0
0
0
0
0
0
0
0
0
0
0
0
0
0
0
0
0
0
0
0
0
0
0
0
0
0
0
0
0
0
0
0
0
0
0
0
0
0
0
0
0
0
0
0
0
0
0
0
0
0
0
0
0
0
0
0
0
0
0
0
0
0
0
0
0
0
0
0
0
0
0
0
0
0
0
0
0
0
0
0
0
0
0
0
0
0
0
0
0
0
0
0
0
0
0
0
0
0
0
0
0
0
0
0
0
0
0
0
0
0
0
0
0
0
0
0
0
0
0
0
0
0
0
0
0
0
0
0
0
0
0
0
0
0
0
0
0
0
0
0
0
0
0
0
0
0
0
0
0
0
0
0
0
0
0
0
0
0
0
0
0
0
0
0
0
0
0
0
0
0
0
0
0
0
0
0
0
0
0
0
0
0
0
0
0
0
0
0
0
0
0
0
0
0
0
0
0
0
0
0
0
0
0
0
0
0
0
0
0
0
0
0
0
0
0
0
0
0
0
0
0
0
0
0
0
0
0
0
0
0
0
0
0
0
0
0
0
0
0
0
0
0
0
0
0
0
0
0
0
0
0
0
0
0
0
0
0
0
0
0
0
0
0
0
0
0
0
0
0
0
0
0
0
0
0
0
0
0
0
0
0
0
0
0
0
0
0
0
0
0
0
0
0
0
0
0
0
0
0
0
0
0
0
0
0
0
0
0
0
0
0
0
0
0
0
0
0
0
0
0
0
0
0
0
0
0
0
0
0
0
0
0
0
0
0
0
0
0
0
0
0
0
0
0
0
0
0
0
0
0
0
0
0
0
0
0
0
0
0
0
