0
3
1
7
3
2
3
3
5
2
3
5
1
1
5
6
5
5
5
5
5
7
6
10
13
7
12
5
17
10
9
11
16
13
11
17
15
19
23
22
19
21
30
18
19
30
26
24
34
44
45
45
33
39
47
50
42
39
59
51
49
51
48
33
43
45
45
57
32
42
34
34
41
37
40
44
36
41
53
38
47
46
47
50
40
54
62
60
58
55
52
54
51
58
68
58
67
64
70
106
84
67
85
102
82
95
103
101
109
105
106
94
101
113
120
111
140
146
152
141
135
133
155
182
174
161
169
190
185
199
157
187
206
202
214
233
205
224
202
235
187
233
212
207
203
167
170
168
168
156
140
149
150
128
132
122
144
114
132
134
118
125
129
122
128
129
141
152
171
159
165
165
171
154
182
168
169
198
185
202
212
215
216
255
235
232
254
251
266
277
269
266
308
275
292
313
304
345
356
395
402
411
402
443
361
404
466
404
448
453
455
457
496
506
472
473
515
480
557
535
494
509
503
482
542
509
500
513
506
478
505
447
484
438
438
397
374
363
384
327
346
306
326
331
272
265
270
268
276
285
277
262
289
282
283
269
302
292
330
307
336
365
329
337
376
370
395
374
363
360
423
431
438
418
437
490
471
510
522
568
582
591
567
620
627
661
669
734
668
734
733
753
812
780
847
795
822
852
832
806
838
898
853
879
864
838
818
860
781
814
856
849
855
866
858
887
779
895
877
811
827
880
833
861
840
846
826
801
793
763
774
727
684
684
628
640
633
589
589
579
577
578
567
531
514
549
474
492
543
519
504
513
554
553
547
559
547
550
581
589
636
672
651
652
695
702
749
789
796
742
802
833
865
861
955
1015
987
949
1059
1116
1039
1011
1093
1143
1197
1182
1188
1190
1193
1233
1256
1203
1233
1196
1285
1232
1196
1184
1192
1197
1277
1209
1189
1192
1239
1225
1212
1199
1219
1175
1224
1221
1161
1226
1205
1224
1163
1178
1184
1175
1114
1172
1145
1123
1143
1088
1090
1092
1042
1013
979
916
943
912
888
897
795
771
795
811
746
759
745
740
685
716
735
760
744
764
769
782
806
809
897
854
906
929
869
956
884
996
1037
1037
1092
1074
1124
1172
1225
1267
1266
1279
1305
1362
1337
1396
1406
1444
1502
1504
1490
1494
1598
1563
1457
1582
1501
1542
1546
1527
1647
1500
1578
1507
1532
1511
1566
1512
1559
1494
1430
1489
1455
1485
1535
1429
1507
1501
1453
1515
1400
1492
1501
1459
1457
1428
1482
1468
1475
1411
1392
1309
1374
1342
1178
1166
1252
1221
1103
1157
1045
1028
1078
1033
933
944
957
925
889
924
864
910
911
973
886
924
951
994
961
975
1061
1092
1035
1094
1117
1087
1138
1187
1230
1207
1322
1367
1353
1359
1382
1447
1460
1566
1472
1497
1601
1639
1588
1656
1615
1608
1613
1728
1728
1737
1678
1655
1719
1792
1673
1731
1586
1656
1515
1579
1648
1625
1605
1664
1605
1638
1623
1596
1587
1679
1562
1605
1588
1669
1586
1620
1630
1601
1627
1597
1573
1519
1569
1589
1533
1479
1410
1436
1348
1290
1315
1338
1319
1208
1191
1167
1069
1103
1066
1017
1044
1034
981
964
940
990
917
972
997
999
931
973
993
996
1022
1010
1028
1119
1079
1110
1119
1152
1110
1235
1319
1279
1297
1325
1355
1402
1497
1442
1499
1527
1495
1526
1547
1592
1622
1573
1681
1700
1674
1653
1724
1736
1643
1682
1710
1642
1611
1699
1648
1665
1712
1652
1644
1634
1605
1625
1558
1542
1551
1521
1580
1613
1510
1530
1568
1594
1493
1568
1525
1569
1518
1465
1520
1479
1421
1423
1407
1410
1329
1408
1290
1308
1182
1169
1190
1166
1123
1098
1035
964
948
977
974
927
907
924
933
921
914
915
943
938
894
950
919
1016
974
974
1003
1087
1019
1048
1080
1104
1091
1185
1169
1219
1230
1296
1347
1321
1314
1276
1420
1369
1466
1417
1429
1507
1486
1457
1529
1496
1435
1455
1440
1506
1418
1424
1435
1496
1477
1463
1391
1469
1366
1348
1442
1420
1415
1394
1424
1407
1382
1405
1419
1389
1361
1400
1370
1419
1293
1376
1394
1414
1302
1280
1301
1356
1230
1234
1285
1222
1139
1173
1157
1035
1027
998
1003
1000
841
898
843
849
797
780
811
781
762
786
810
782
732
787
792
854
791
800
845
855
760
861
850
857
892
910
965
973
906
982
1047
1022
1047
1063
1067
1116
1164
1146
1096
1137
1214
1205
1190
1168
1193
1221
1191
1243
1226
1266
1158
1195
1210
1114
1169
1228
1140
1204
1200
1179
1135
1151
1103
1114
1132
1159
1110
1191
1043
1074
1124
1131
1135
1140
1057
1102
1054
1078
1117
1081
1023
990
1019
1037
959
963
969
966
929
864
893
867
753
786
779
771
685
720
684
653
664
699
632
628
631
661
636
614
607
597
622
645
622
621
630
710
679
714
673
709
712
719
761
736
747
803
804
808
831
878
841
890
883
878
899
903
899
879
892
904
947
935
935
937
901
866
946
871
861
874
897
907
902
878
841
856
833
874
848
833
815
822
823
811
814
856
856
810
832
868
779
828
841
791
799
785
796
743
707
736
749
707
708
671
671
662
609
579
562
542
569
552
484
533
498
490
506
518
456
469
486
435
439
484
426
445
471
502
474
455
468
505
512
522
550
511
529
550
554
534
572
592
599
609
636
595
648
627
642
642
653
622
660
632
646
638
663
675
658
671
674
626
651
689
605
615
611
607
626
634
587
652
621
632
610
564
523
627
607
594
544
577
611
633
574
564
586
596
527
532
542
508
520
470
568
478
465
468
472
403
432
399
383
356
348
375
371
347
348
335
348
327
362
336
351
334
307
346
328
324
343
343
314
345
352
361
330
350
358
389
398
393
380
407
413
387
411
409
473
397
438
426
404
447
452
443
445
458
436
452
460
421
447
446
445
468
402
412
423
439
385
420
418
445
413
404
407
414
369
405
420
399
427
445
381
391
386
379
397
390
379
335
371
343
358
360
366
317
363
326
337
308
310
288
257
274
254
266
251
225
231
236
222
211
211
243
204
217
212
191
218
224
213
214
248
193
233
206
223
234
214
214
229
226
255
240
265
272
260
262
294
224
239
296
266
287
292
285
269
295
296
290
280
313
276
316
285
260
270
264
278
266
274
274
262
267
281
266
276
248
268
273
266
221
295
258
277
268
263
269
228
235
237
263
234
224
242
245
236
248
176
206
193
207
201
190
177
171
177
172
168
171
152
151
132
168
132
130
145
134
133
117
123
136
132
127
153
128
156
135
139
135
134
138
170
140
156
163
143
158
136
150
164
155
170
157
137
162
171
186
193
170
177
161
170
183
174
152
171
177
196
166
153
186
166
158
156
189
145
176
166
142
154
157
153
151
177
165
170
162
167
158
150
151
134
173
152
153
137
149
133
131
134
122
130
121
147
106
124
124
107
95
126
111
80
108
103
90
74
82
81
95
91
90
67
86
89
75
78
88
62
82
66
89
79
89
63
85
78
88
88
98
92
93
99
85
100
107
104
109
111
100
115
100
84
110
124
105
79
91
101
98
98
111
110
97
92
88
96
101
108
101
91
98
100
109
101
77
101
94
96
93
90
98
89
86
80
92
95
92
69
80
75
91
84
90
66
77
75
63
65
75
61
73
57
52
58
50
55
60
64
49
52
50
53
50
48
39
47
54
63
61
44
45
37
62
52
41
41
45
53
41
48
56
46
52
57
58
42
52
64
56
69
55
50
56
59
49
60
56
48
51
57
61
56
47
62
60
52
53
47
52
57
43
54
52
42
45
54
60
59
59
52
56
54
37
55
46
42
46
51
53
52
54
51
48
46
60
52
49
43
48
38
32
41
40
29
31
34
37
37
31
32
25
32
27
22
36
35
31
33
26
26
23
23
22
21
23
30
22
29
24
27
27
29
23
28
29
28
29
36
27
28
39
26
24
28
28
36
33
28
34
39
27
25
38
29
29
29
32
31
38
38
38
29
27
35
33
15
29
27
24
28
30
35
31
36
24
33
33
28
26
28
35
29
27
19
25
30
17
27
26
28
24
22
24
26
28
20
25
22
20
17
17
17
19
17
16
17
19
12
16
19
18
17
14
16
13
17
6
16
12
13
14
16
16
16
6
9
13
10
13
19
18
17
17
20
28
24
13
22
18
20
19
16
20
18
19
20
8
19
25
16
16
21
14
11
17
14
9
17
14
15
12
14
11
18
14
14
10
13
16
23
24
12
8
10
18
25
12
7
15
15
12
16
14
11
17
10
12
17
16
10
8
17
6
11
5
9
9
6
9
8
9
6
7
9
6
13
8
6
8
8
6
9
10
7
6
8
4
9
10
12
11
16
9
13
9
6
7
7
14
16
8
8
7
8
9
9
14
8
10
11
9
5
8
9
13
10
4
3
8
12
6
12
5
9
4
7
10
8
3
7
7
10
9
5
7
8
10
11
6
7
5
8
4
9
5
7
9
6
6
6
7
4
9
2
8
8
6
5
2
6
5
2
9
4
1
6
5
5
4
3
5
1
1
5
4
6
3
4
6
5
1
8
3
5
2
2
2
7
4
1
7
4
3
4
4
3
5
1
5
4
6
1
4
2
4
3
5
2
10
7
8
2
4
6
1
3
2
2
3
5
3
7
3
4
1
6
6
1
4
2
4
4
3
3
2
4
5
5
0
2
4
3
1
2
4
4
4
1
2
3
4
3
2
1
1
0
3
0
3
3
1
3
0
2
2
2
3
2
3
1
3
2
4
2
2
1
1
2
2
3
2
1
3
2
3
1
3
2
6
2
0
4
6
3
5
1
3
3
3
3
2
3
2
4
3
1
3
1
1
0
2
2
0
3
4
2
6
0
2
3
2
1
1
2
6
1
2
0
1
0
2
2
3
1
2
2
1
1
2
3
1
0
1
2
1
5
1
1
0
0
0
0
0
0
0
0
1
0
1
1
1
1
2
1
0
1
2
3
1
0
2
0
3
1
1
0
2
2
0
2
0
0
4
1
0
2
2
0
0
1
0
2
2
0
2
0
0
2
1
0
0
0
1
0
0
0
1
3
1
0
1
0
0
0
0
1
0
0
2
0
1
1
0
0
1
2
1
0
0
0
2
0
0
0
0
1
0
0
0
0
1
0
1
1
0
1
1
2
0
1
0
0
0
1
0
0
1
0
0
0
0
0
0
1
0
0
1
1
1
0
1
0
0
0
0
0
1
1
0
0
0
0
0
1
0
0
1
1
0
0
1
0
0
0
0
2
0
1
0
0
1
1
0
0
1
0
1
0
0
0
1
0
1
0
0
0
0
0
0
0
0
1
0
0
0
0
1
0
0
0
1
0
1
0
0
1
0
0
0
1
0
0
1
0
0
0
0
2
0
0
0
0
0
2
0
0
1
0
0
0
0
0
0
0
0
0
0
0
0
1
0
0
1
1
0
0
0
0
0
0
0
0
0
0
0
0
0
0
0
1
1
2
0
0
0
0
0
0
0
0
0
0
0
0
0
0
0
0
0
0
0
0
0
0
0
0
0
0
1
0
0
0
0
0
0
0
0
0
0
0
0
1
0
0
0
1
0
1
0
0
0
0
0
0
0
0
0
0
0
0
0
0
0
0
0
0
0
0
0
0
1
0
0
0
0
0
1
0
0
0
0
0
1
0
0
0
0
0
0
0
0
0
0
0
1
0
0
0
0
0
0
0
0
0
0
0
0
0
0
1
0
0
0
0
0
0
0
0
0
0
0
0
1
0
0
0
0
0
0
0
0
0
1
0
0
1
0
0
0
0
0
0
0
0
0
0
0
0
0
0
0
0
0
0
0
1
0
0
0
0
0
0
0
0
0
0
0
0
0
0
0
0
0
0
0
0
0
0
0
0
0
0
0
0
0
0
0
0
0
0
0
0
0
0
0
0
0
0
0
0
0
0
0
0
0
0
0
0
0
0
0
0
0
0
0
0
0
0
0
0
0
0
0
0
0
0
0
0
0
0
0
0
0
0
0
0
0
1
0
0
0
0
0
0
0
0
0
0
0
0
0
0
0
0
0
0
0
0
0
0
0
0
0
0
0
0
0
0
0
0
0
0
0
0
0
1
0
0
0
0
0
0
0
0
0
0
0
0
0
0
0
0
0
0
0
0
0
0
0
0
0
0
0
0
0
0
0
0
0
0
0
0
0
0
0
0
0
0
0
0
0
0
0
0
0
0
0
0
0
0
0
0
0
0
0
0
0
0
0
0
0
0
0
0
0
0
0
0
0
0
0
0
0
0
0
0
0
0
0
0
0
0
0
0
0
0
0
0
0
0
0
0
0
0
0
0
0
0
0
0
0
0
0
0
0
0
0
0
0
0
0
0
0
0
0
0
0
0
0
0
0
0
0
0
0
0
0
0
0
0
0
0
0
0
0
0
0
0
0
0
0
0
0
0
0
0
0
0
0
0
0
0
0
0
0
0
0
0
0
0
0
0
0
0
0
0
0
0
0
0
0
0
0
0
0
0
0
0
0
0
0
0
0
0
0
0
0
0
0
0
0
0
0
0
0
0
0
0
0
0
0
0
0
0
0
0
0
0
0
0
0
0
0
0
0
0
0
0
0
0
0
0
0
0
0
0
0
0
0
0
0
0
0
0
0
0
0
0
0
0
0
0
0
0
0
0
0
0
0
0
0
0
0
0
0
0
0
0
0
0
0
0
0
0
0
0
0
0
0
0
0
0
0
0
0
0
0
0
0
0
0
0
0
0
0
0
0
0
0
0
0
0
0
0
0
0
0
0
0
0
0
0
0
0
0
0
0
0
0
0
0
0
0
0
0
0
0
0
0
0
0
0
0
0
0
0
0
0
0
0
0
0
0
0
0
0
0
0
0
0
0
0
0
0
0
0
0
0
0
0
0
0
0
0
0
0
0
0
0
0
0
0
0
0
0
0
0
0
0
0
0
0
0
0
0
0
0
0
0
0
0
0
0
0
0
0
0
0
0
0
0
0
0
0
0
0
0
0
0
0
0
0
0
0
0
0
0
0
0
0
0
0
0
0
0
0
0
0
0
0
0
0
0
0
0
0
0
0
0
0
0
0
0
0
0
0
0
0
0
0
0
0
0
0
0
0
0
0
0
0
0
0
0
0
0
0
0
0
0
0
0
0
0
0
0
0
0
0
0
0
0
0
0
0
0
0
0
0
0
0
0
0
0
0
0
0
0
0
0
0
0
0
0
0
0
0
0
0
0
0
0
0
0
0
0
0
0
0
0
0
0
0
0
0
0
0
0
0
0
0
0
0
0
0
0
0
0
0
0
0
0
0
0
0
0
0
0
0
0
0
0
0
0
0
0
0
0
0
0
0
0
0
0
0
0
0
0
0
0
0
0
0
0
0
0
0
0
0
0
0
0
0
0
0
0
0
0
0
0
0
0
0
0
0
0
0
0
0
0
0
0
0
0
0
0
0
0
0
0
0
0
0
0
0
0
0
0
0
0
0
0
0
0
0
0
0
0
0
0
0
0
0
0
0
0
0
0
0
0
0
0
0
0
0
0
0
0
0
0
0
0
0
0
0
0
0
0
0
0
0
0
0
0
0
0
0
0
0
0
0
0
0
0
0
0
0
0
0
0
0
0
0
0
0
0
0
0
0
0
0
0
0
0
0
0
0
0
0
0
0
0
0
0
0
0
0
0
0
0
0
0
0
0
0
0
0
0
0
0
0
0
0
0
0
0
0
0
0
0
0
0
0
0
0
0
0
0
0
0
0
0
0
0
0
0
0
0
0
0
0
0
0
0
0
0
0
0
0
0
0
0
0
0
0
0
0
0
0
0
0
0
0
0
0
0
0
0
0
0
0
0
0
0
0
0
0
0
0
0
0
0
0
0
0
0
0
0
0
0
0
0
0
0
0
0
0
0
0
0
0
0
0
0
0
0
0
0
0
0
0
0
0
0
0
0
0
0
0
0
0
0
0
0
0
0
0
0
0
0
0
0
0
0
0
0
0
0
0
0
0
0
0
0
0
0
0
0
0
0
0
0
0
0
0
0
0
0
0
0
0
0
0
0
0
0
0
0
0
0
0
0
0
0
0
0
0
0
0
0
0
0
0
0
0
0
0
0
0
0
0
0
0
0
0
0
0
0
0
0
0
0
0
0
0
0
0
0
0
0
0
0
0
0
0
0
0
0
0
0
0
0
0
0
0
0
0
0
0
0
0
0
0
0
0
0
0
0
0
0
0
0
0
0
0
0
0
0
0
0
0
0
0
0
0
0
0
0
0
0
0
0
0
0
0
0
0
0
0
0
0
0
0
0
0
0
0
0
0
0
0
0
0
0
0
0
0
0
0
0
0
0
0
0
0
0
0
0
0
0
0
0
0
0
0
0
0
0
0
0
0
0
0
0
0
0
0
0
0
0
0
0
0
0
0
0
0
0
0
0
0
0
0
0
0
0
0
0
0
0
0
0
0
0
0
0
0
0
0
0
0
0
0
0
0
0
0
0
0
0
0
0
0
0
0
0
0
0
0
0
0
0
0
0
0
0
0
0
0
0
0
0
0
0
0
0
0
0
0
0
0
0
0
0
0
0
0
0
0
0
0
0
0
0
0
0
0
0
0
0
0
0
0
0
0
0
0
0
0
0
0
0
0
0
0
0
0
0
0
0
0
0
0
0
0
0
0
0
0
0
0
0
0
0
0
0
0
0
0
0
0
0
0
0
0
0
0
0
0
0
0
0
0
0
0
0
0
0
0
0
0
0
0
0
0
0
0
0
0
0
0
0
0
0
0
0
0
0
0
0
0
0
0
0
0
0
0
0
0
0
0
0
0
0
0
0
0
0
0
0
0
0
0
0
0
0
0
0
0
0
0
0
0
0
0
0
0
0
0
0
0
0
0
0
0
0
0
0
0
0
0
0
0
0
0
0
0
0
0
0
0
0
0
0
0
0
0
0
0
0
0
0
0
0
0
0
0
0
0
0
0
0
0
0
0
0
0
0
0
0
0
0
0
0
0
0
0
0
0
0
0
0
0
0
0
0
0
0
0
0
0
0
0
0
0
0
0
0
0
0
0
0
0
0
0
0
0
0
0
0
0
0
0
0
0
0
0
0
0
0
0
0
0
0
0
0
0
0
0
0
0
0
0
0
0
0
0
0
0
0
0
0
0
0
0
0
0
0
0
0
0
0
0
0
0
0
0
0
0
0
0
0
0
0
0
0
0
0
0
0
0
0
0
0
0
0
0
0
0
0
0
0
0
0
0
0
0
0
0
0
0
0
0
0
0
0
0
0
0
0
0
0
0
0
0
0
0
0
0
0
0
0
0
0
0
0
0
0
0
0
0
0
0
0
0
0
0
0
0
0
0
0
0
0
0
0
0
0
0
0
0
0
0
0
0
0
0
0
0
0
0
0
0
0
0
0
0
0
0
0
0
0
0
0
0
0
0
0
0
0
0
0
0
0
0
0
0
0
0
0
0
0
0
0
0
0
0
0
0
0
0
0
0
0
0
0
0
0
0
0
0
0
0
0
0
0
0
0
0
0
0
0
0
0
0
0
0
0
0
0
0
0
0
0
0
0
0
0
