0
88
89
100
117
99
133
117
131
156
160
165
171
161
204
211
213
230
243
289
292
315
339
333
399
397
426
431
439
511
502
584
581
590
622
670
765
772
832
845
909
955
1091
1077
1227
1249
1270
1454
1399
1539
1522
1509
1659
1523
1560
1540
1529
1435
1402
1394
1262
1283
1182
1057
1099
1018
1068
1005
1022
995
977
927
997
1005
965
995
1039
1037
1130
1152
1172
1251
1182
1249
1304
1331
1336
1339
1434
1430
1508
1569
1552
1654
1683
1799
1840
1808
2028
2035
2216
2176
2305
2326
2450
2442
2557
2553
2695
2723
2796
2840
2880
2938
2755
2836
2810
2942
2807
2799
2816
2809
2854
2757
2703
2727
2650
2597
2550
2450
2343
2347
2205
2098
2062
2016
1877
1841
1633
1702
1727
1647
1640
1526
1596
1436
1565
1542
1494
1627
1621
1540
1716
1710
1786
1693
1781
1820
1781
1880
1916
2030
2067
1990
2017
2239
2246
2234
2467
2442
2546
2518
2677
2642
2864
2964
3008
3047
3180
3230
3067
3236
3228
3256
3267
3297
3343
3341
3277
3240
3219
3186
3281
3180
3230
3194
3283
3245
3221
3278
3184
3164
3176
3090
3026
2941
3017
2805
2749
2720
2557
2469
2472
2242
2133
2012
1906
1909
1918
1757
1764
1692
1592
1564
1611
1628
1554
1672
1575
1646
1664
1589
1654
1666
1735
1730
1769
1779
1836
1930
1942
1973
2059
2003
2039
2070
2177
2245
2240
2289
2357
2429
2552
2538
2586
2583
2743
2718
2754
2784
2851
2812
2797
2854
2868
2925
2997
2827
2881
2711
2796
2862
2830
2803
2785
2779
2761
2821
2771
2715
2824
2760
2746
2854
2666
2713
2751
2739
2719
2624
2574
2538
2454
2309
2267
2184
2205
2122
2066
1889
1885
1776
1786
1678
1630
1555
1565
1487
1459
1419
1449
1379
1476
1381
1436
1421
1444
1450
1469
1405
1474
1554
1470
1542
1530
1583
1568
1624
1712
1785
1787
1714
1879
1913
1958
1842
2000
2030
2099
2052
2131
2271
2141
2050
2145
2193
2202
2153
2159
2088
2213
2219
2178
2226
2099
2152
2140
2070
2160
2061
2048
2158
2087
2082
2106
2120
2051
2067
1981
1976
1978
2117
2032
2000
1933
1903
1962
1787
1762
1683
1701
1641
1585
1479
1442
1436
1335
1314
1230
1162
1177
1152
1113
1126
1123
1067
1082
1052
1030
1001
1054
1029
1071
1082
1064
1085
1040
1077
1131
1083
1160
1207
1261
1224
1291
1345
1351
1335
1364
1358
1341
1347
1396
1442
1445
1502
1459
1497
1515
1487
1441
1399
1515
1456
1460
1513
1489
1446
1473
1368
1399
1460
1433
1467
1488
1421
1425
1362
1339
1415
1402
1400
1402
1405
1401
1377
1366
1257
1347
1251
1254
1210
1221
1163
1175
1141
1092
1043
1008
942
939
885
800
844
800
830
755
693
750
726
688
695
731
702
693
686
717
676
696
749
727
730
725
735
773
783
780
745
772
874
835
852
822
840
931
832
879
901
972
948
971
888
908
932
995
917
903
939
897
950
982
920
934
958
962
946
879
863
890
894
907
910
861
846
864
842
894
933
843
800
803
824
770
781
791
760
746
712
668
672
650
622
618
591
577
570
523
530
464
464
462
448
467
440
445
452
419
429
444
455
432
412
466
435
431
456
471
456
437
445
478
480
494
459
505
506
521
491
531
544
515
528
519
518
538
531
542
584
567
540
565
493
523
513
506
542
541
556
543
509
505
506
529
528
472
553
450
478
478
501
513
480
515
469
474
417
425
424
430
399
438
390
388
388
344
358
339
337
302
300
327
291
283
283
269
271
259
251
246
242
267
249
251
265
288
239
259
257
217
220
253
218
265
256
254
255
255
268
268
253
273
286
271
317
283
299
261
307
310
286
282
293
309
287
293
284
283
298
296
309
287
297
263
283
276
257
276
282
291
288
288
289
277
269
275
273
236
247
239
254
242
260
247
231
225
213
258
198
197
198
169
165
188
157
176
157
155
138
127
143
145
156
145
122
134
132
125
144
132
119
119
136
141
121
142
124
137
139
141
156
129
160
132
154
134
147
148
151
146
162
149
143
170
155
147
165
159
144
159
145
133
164
164
144
152
151
160
150
132
168
161
127
154
140
114
135
146
120
142
143
148
128
120
118
141
120
124
112
124
76
96
100
79
88
87
89
76
87
75
78
74
70
87
65
72
68
65
73
83
72
61
64
54
76
69
63
69
70
79
67
60
77
57
85
83
60
73
87
100
84
94
64
76
77
81
86
83
78
74
78
64
77
68
63
89
64
53
70
73
77
80
74
71
70
64
54
65
69
76
70
71
64
76
70
66
72
79
74
72
62
53
65
51
52
50
45
57
43
55
52
43
39
38
59
48
36
30
29
34
27
34
26
38
49
30
33
23
33
34
34
37
29
30
29
27
39
37
29
28
26
35
20
40
30
31
36
44
28
34
33
40
34
33
43
36
48
43
40
37
37
31
37
31
50
32
34
39
30
27
34
26
36
34
30
37
28
24
29
32
36
26
37
23
22
20
33
24
33
22
24
26
19
17
16
22
25
29
31
22
18
18
14
20
12
16
15
12
15
16
19
18
20
15
15
16
17
17
15
11
22
10
17
19
11
15
19
18
16
22
15
11
14
19
15
12
24
20
16
13
23
16
19
15
13
17
9
14
15
13
11
18
16
13
14
15
15
10
15
27
14
13
15
10
14
9
8
16
9
21
8
12
11
13
5
11
7
5
9
14
7
9
8
10
9
8
10
8
5
10
8
9
7
7
3
5
6
9
4
9
7
10
6
8
10
5
7
8
7
11
7
10
8
10
10
6
7
5
6
13
9
9
6
5
4
9
6
9
4
8
5
6
8
12
9
8
4
11
14
8
5
4
9
3
13
7
5
5
8
7
1
8
6
9
7
2
6
8
6
3
4
4
3
7
5
4
4
6
2
1
3
2
2
0
3
3
1
4
3
5
2
5
5
4
3
1
3
8
5
4
3
2
3
6
9
9
5
2
3
0
2
4
4
7
2
3
5
2
5
3
7
6
1
2
5
3
6
4
2
2
4
8
5
2
2
3
1
3
3
2
4
3
0
4
1
1
3
2
0
0
1
2
3
1
1
2
1
2
0
3
0
1
0
1
3
1
3
2
1
3
0
0
1
2
0
1
3
5
1
0
2
1
0
0
3
0
0
5
2
0
2
1
4
1
1
0
0
0
4
1
2
2
1
2
1
1
0
1
1
0
1
1
1
1
3
2
2
1
1
3
2
0
1
0
0
2
1
0
3
0
1
3
4
1
0
1
1
2
0
1
2
0
1
2
2
1
1
2
1
0
1
1
2
0
1
1
0
0
1
0
0
0
0
2
1
0
1
2
2
0
1
1
0
2
1
1
1
1
0
0
0
1
3
0
0
0
1
0
1
2
0
0
0
0
2
0
0
0
1
0
0
0
2
0
0
1
0
0
0
0
0
1
0
0
0
0
2
1
0
0
1
0
0
0
0
1
1
0
1
0
1
0
0
0
1
1
1
0
0
0
1
0
0
1
1
1
0
0
0
1
0
0
0
1
0
0
0
0
1
0
1
0
0
0
1
0
0
0
0
0
1
0
0
0
1
0
0
0
0
0
0
0
0
0
0
0
0
1
0
0
0
0
0
0
0
0
0
0
0
0
0
0
0
1
0
0
0
0
0
0
0
0
0
0
0
0
0
0
0
0
0
0
0
0
0
0
0
0
1
0
0
0
0
1
0
1
0
0
0
0
0
0
0
0
0
0
0
0
1
0
0
0
0
0
0
0
0
0
0
0
1
1
0
0
1
0
0
0
0
0
0
0
0
1
0
0
0
0
0
0
0
0
0
0
1
0
0
0
0
0
0
0
0
0
0
0
0
0
0
0
0
0
0
0
0
0
0
0
0
0
0
0
0
0
0
0
0
0
1
0
0
0
0
0
0
0
0
0
0
1
0
0
0
0
0
0
0
0
0
0
0
1
0
0
0
0
0
0
0
0
0
0
0
0
0
2
0
1
0
0
0
0
0
0
0
0
0
1
0
0
0
0
0
0
0
0
0
0
0
1
0
0
0
0
0
0
0
0
0
0
0
0
0
0
0
0
0
0
0
0
0
0
0
0
0
0
0
0
0
0
0
0
0
0
0
0
0
1
0
0
0
0
0
0
0
0
1
0
0
0
0
0
0
0
0
0
0
0
0
0
0
0
0
0
0
0
0
0
0
0
0
0
0
0
0
0
0
0
0
0
0
0
0
0
0
0
0
0
0
0
0
0
0
0
0
0
0
0
0
0
0
0
0
0
0
0
0
0
0
0
0
0
0
0
0
0
0
0
0
0
0
0
0
0
0
0
0
0
0
0
0
0
0
0
0
0
0
0
0
0
0
0
0
0
0
0
0
0
0
0
0
0
0
0
0
0
0
0
0
0
0
0
0
0
0
0
0
0
0
0
0
0
0
0
0
0
0
0
0
0
0
0
0
0
0
0
0
0
0
0
0
0
0
0
0
0
0
0
0
0
0
0
0
0
0
0
0
0
0
0
0
0
0
0
0
0
0
0
0
0
0
0
0
0
0
0
0
0
0
0
0
0
0
0
0
0
0
0
0
0
0
0
0
0
0
0
0
0
0
0
0
0
0
0
0
0
0
0
0
0
0
0
0
0
0
0
0
0
0
0
0
0
0
0
0
0
0
0
0
0
0
0
0
0
0
0
0
0
0
0
0
0
0
0
0
0
0
0
0
0
0
0
0
0
0
0
0
0
0
0
0
0
0
0
0
0
0
0
0
0
0
0
0
0
0
0
0
0
0
0
0
0
0
0
0
0
0
0
0
0
0
0
0
0
0
0
0
0
0
0
0
0
0
0
0
0
0
0
0
0
0
0
0
0
0
0
0
0
0
0
0
0
0
0
0
0
0
0
0
0
0
0
0
0
0
0
0
0
0
0
0
0
0
0
0
0
0
0
0
0
0
0
0
0
0
0
0
0
0
0
0
0
0
0
0
0
0
0
0
0
0
0
0
0
0
0
0
0
0
0
0
0
0
0
0
0
0
0
0
0
0
0
0
0
0
0
0
0
0
0
0
0
0
0
0
0
0
0
0
0
0
0
0
0
0
0
0
0
0
0
0
0
0
0
0
0
0
0
0
0
0
0
0
0
0
0
0
0
0
0
0
0
0
0
0
0
0
0
0
0
0
0
0
0
0
0
0
0
0
0
0
0
0
0
0
0
0
0
0
0
0
0
0
0
0
0
0
0
0
0
0
0
0
0
0
0
0
0
0
0
0
0
0
0
0
0
0
0
0
0
0
0
0
0
0
0
0
0
0
0
0
0
0
0
0
0
0
0
0
0
0
0
0
0
0
0
0
0
0
0
0
0
0
0
0
0
0
0
0
0
0
0
0
0
0
0
0
0
0
0
0
0
0
0
0
0
0
0
0
0
0
0
0
0
0
0
0
0
0
0
0
0
0
0
0
0
0
0
0
0
0
0
0
0
0
0
0
0
0
0
0
0
0
0
0
0
0
0
0
0
0
0
0
0
0
0
0
0
0
0
0
0
0
0
0
0
0
0
0
0
0
0
0
0
0
0
0
0
0
0
0
0
0
0
0
0
0
0
0
0
0
0
0
0
0
0
0
0
0
0
0
0
0
0
0
0
0
0
0
0
0
0
0
0
0
0
0
0
0
0
0
0
0
0
0
0
0
0
0
0
0
0
0
0
0
0
0
0
0
0
0
0
0
0
0
0
0
0
0
0
0
0
0
0
0
0
0
0
0
0
0
0
0
0
0
0
0
0
0
0
0
0
0
0
0
0
0
0
0
0
0
0
0
0
0
0
0
0
0
0
0
0
0
0
0
0
0
0
0
0
0
0
0
0
0
0
0
0
0
0
0
0
0
0
0
0
0
0
0
0
0
0
0
0
0
0
0
0
0
0
0
0
0
0
0
0
0
0
0
0
0
0
0
0
0
0
0
0
0
0
0
0
0
0
0
0
0
0
0
0
0
0
0
0
0
0
0
0
0
0
0
0
0
0
0
0
0
0
0
0
0
0
0
0
0
0
0
0
0
0
0
0
0
0
0
0
0
0
0
0
0
0
0
0
0
0
0
0
0
0
0
0
0
0
0
0
0
0
0
0
0
0
0
0
0
0
0
0
0
0
0
0
0
0
0
0
0
0
0
0
0
0
0
0
0
0
0
0
0
0
0
0
0
0
0
0
0
0
0
0
0
0
0
0
0
0
0
0
0
0
0
0
0
0
0
0
0
0
0
0
0
0
0
0
0
0
0
0
0
0
0
0
0
0
0
0
0
0
0
0
0
0
0
0
0
0
0
0
0
0
0
0
0
0
0
0
0
0
0
0
0
0
0
0
0
0
0
0
0
0
0
0
0
0
0
0
0
0
0
0
0
0
0
0
0
0
0
0
0
0
0
0
0
0
0
0
0
0
0
0
0
0
0
0
0
0
0
0
0
0
0
0
0
0
0
0
0
0
0
0
0
0
0
0
0
0
0
0
0
0
0
0
0
0
0
0
0
0
0
0
0
0
0
0
0
0
0
0
0
0
0
0
0
0
0
0
0
0
0
0
0
0
0
0
0
0
0
0
0
0
0
0
0
0
0
0
0
0
0
0
0
0
0
0
0
0
0
0
0
0
0
0
0
0
0
0
0
0
0
0
0
0
0
0
0
0
0
0
0
0
0
0
0
0
0
0
0
0
0
0
0
0
0
0
0
0
0
0
0
0
0
0
0
0
0
0
0
0
0
0
0
0
0
0
0
0
0
0
0
0
0
0
0
0
0
0
0
0
0
0
0
0
0
0
0
0
0
0
0
0
0
0
0
0
0
0
0
0
0
0
0
0
0
0
0
0
0
0
0
0
0
0
0
0
0
0
0
0
0
0
0
0
0
0
0
0
0
0
0
0
0
0
0
0
0
0
0
0
0
0
0
0
0
0
0
0
0
0
0
0
0
0
0
0
0
0
0
0
0
0
0
0
0
0
0
0
0
0
0
0
0
0
0
0
0
0
0
0
0
0
0
0
0
0
0
0
0
0
0
0
0
0
0
0
0
0
0
0
0
0
0
0
0
0
0
0
0
0
0
0
0
0
0
0
0
0
0
0
0
0
0
0
0
0
0
0
0
0
0
0
0
0
0
0
0
0
0
0
0
0
0
0
0
0
0
0
0
0
0
0
0
0
0
0
0
0
0
0
0
0
0
0
0
0
0
0
0
0
0
0
0
0
0
0
0
0
0
0
0
0
0
0
0
0
0
0
0
0
0
0
0
0
0
0
0
0
0
0
0
0
0
0
0
0
0
0
0
0
0
0
0
0
0
0
0
0
0
0
0
0
0
0
0
0
0
0
0
0
0
0
0
0
0
0
0
0
0
0
0
0
0
0
0
0
0
0
0
0
0
0
0
0
0
0
0
0
0
0
0
0
0
0
0
0
0
0
0
0
0
0
0
0
0
0
0
0
0
0
0
0
0
0
0
0
0
0
0
0
0
0
0
0
0
0
0
0
0
0
0
0
0
0
0
0
0
0
0
0
0
0
0
0
0
0
0
0
0
0
0
0
0
0
0
0
0
0
0
0
0
0
0
0
0
0
0
0
0
0
0
0
0
0
0
0
0
0
0
0
0
0
0
0
0
0
0
0
0
0
0
0
0
0
0
0
0
0
0
0
0
0
0
0
0
0
0
0
0
0
0
0
0
0
0
0
0
0
0
0
0
0
0
0
0
0
0
0
0
0
0
0
0
0
0
0
0
0
0
0
0
0
0
0
0
0
0
0
0
0
0
0
0
0
0
0
0
0
0
0
0
0
0
0
0
0
0
0
0
0
0
0
0
0
0
0
0
0
0
0
0
0
0
0
0
0
0
0
0
0
0
0
0
0
0
0
0
0
0
0
0
0
0
0
0
0
0
0
0
0
0
0
0
0
0
0
0
0
0
0
0
0
0
0
0
0
0
0
0
0
0
0
0
0
0
0
0
0
0
0
0
0
0
0
0
0
0
0
0
0
0
0
0
0
0
0
0
0
0
0
0
0
0
0
0
0
0
0
0
0
0
0
0
0
0
0
0
0
0
0
0
0
0
0
0
0
0
0
0
0
0
0
0
0
0
0
0
0
0
0
0
0
0
0
0
0
0
0
0
0
0
0
0
0
0
0
0
0
0
0
0
0
0
0
0
0
0
0
0
0
0
0
0
0
0
0
0
0
0
0
0
0
0
0
0
0
0
0
0
0
0
0
0
0
0
0
0
0
0
0
0
0
0
0
0
0
0
0
0
0
0
0
0
0
0
0
0
0
0
0
0
0
0
0
0
0
0
0
0
0
0
0
0
0
0
0
0
0
0
0
0
0
0
0
0
0
0
0
0
0
0
0
0
0
0
0
0
0
0
0
0
0
0
0
0
0
0
0
0
0
0
0
0
0
0
0
0
0
0
0
0
0
0
0
0
0
0
0
0
0
0
0
0
0
0
0
0
0
0
0
0
0
0
0
0
0
0
0
0
0
0
0
0
0
0
0
0
0
0
0
0
0
0
0
0
0
0
0
0
0
0
0
0
0
0
0
0
0
0
0
0
0
0
0
0
0
0
0
0
0
0
0
0
0
0
0
0
0
0
0
0
0
0
0
0
0
0
0
0
0
0
0
0
0
0
0
0
0
0
0
0
0
0
0
0
0
0
0
0
0
0
0
0
0
0
0
0
0
0
0
0
0
0
0
0
0
0
0
0
0
0
0
0
0
0
0
0
0
0
0
0
0
0
0
0
0
0
0
0
0
0
0
0
0
0
0
0
0
0
0
0
0
0
0
0
0
0
0
0
0
0
0
0
0
0
0
0
0
0
0
0
0
0
0
0
0
0
0
0
0
0
0
0
0
0
0
0
0
0
0
0
0
0
0
0
0
0
0
0
0
0
0
0
0
0
0
0
0
0
0
0
0
0
0
0
0
0
0
0
0
0
0
0
0
0
0
0
0
0
0
0
0
0
0
0
0
0
0
0
0
0
0
0
0
0
0
0
0
0
0
0
0
0
0
0
0
0
0
0
0
0
0
0
0
0
0
0
0
0
0
0
0
0
0
0
0
0
0
0
0
0
0
0
0
0
0
0
0
0
0
0
0
0
0
0
0
0
0
0
0
0
0
0
0
0
0
0
0
0
0
0
0
0
0
0
0
0
0
0
0
0
0
0
0
0
0
0
0
0
0
0
0
0
0
0
0
0
0
0
0
0
0
0
0
0
0
0
0
0
0
0
0
0
0
0
0
0
0
0
0
0
0
0
0
0
0
0
0
0
0
0
0
0
0
0
0
0
0
0
0
0
0
0
0
0
0
0
0
0
0
0
0
0
0
0
0
0
0
0
0
0
0
0
0
0
0
0
0
0
0
0
0
0
0
0
0
0
0
0
0
0
0
0
0
0
0
0
0
0
0
0
0
0
0
0
0
0
0
0
0
0
0
0
0
0
0
0
0
0
0
0
0
0
0
0
0
0
0
0
0
0
0
0
0
0
0
0
0
0
0
0
0
0
0
0
0
0
0
0
0
0
0
0
0
0
0
0
0
0
