0
1
1
2
6
5
5
7
4
2
3
3
4
9
4
6
6
4
6
5
8
6
7
6
8
9
11
6
11
14
6
12
7
14
9
12
15
15
11
15
15
19
16
19
22
14
21
24
21
23
29
24
34
26
40
35
41
35
30
33
28
31
37
30
37
23
31
39
29
35
42
39
32
24
26
22
29
30
27
28
30
26
41
28
38
33
38
36
35
32
34
43
41
38
44
36
39
40
40
60
44
51
58
52
49
61
55
78
65
70
72
70
83
73
64
85
69
70
83
70
90
80
113
86
93
108
92
96
124
109
111
107
107
102
125
111
113
141
151
132
109
126
130
148
138
157
174
147
160
143
148
139
157
144
146
141
123
129
127
122
116
92
113
92
100
95
81
96
82
90
89
95
86
86
90
85
74
94
97
93
107
111
106
117
118
103
122
121
99
132
124
135
134
103
130
138
153
148
165
148
176
164
184
180
176
171
183
180
191
188
198
192
219
205
228
242
228
228
238
235
249
291
262
253
277
253
266
287
322
326
320
304
326
306
310
320
335
330
353
332
361
370
316
389
335
363
353
372
382
350
347
359
344
331
334
334
336
300
305
334
257
282
300
264
263
248
223
237
209
193
198
210
257
194
193
236
188
188
193
204
204
202
210
209
218
211
219
259
260
240
221
257
230
272
270
274
275
274
300
316
306
324
314
313
320
332
348
351
350
326
407
355
387
410
392
442
396
454
491
500
472
498
519
517
547
551
569
554
577
546
612
599
543
604
624
612
597
597
634
565
654
545
627
599
610
602
647
669
649
581
667
599
565
650
627
608
627
594
609
620
601
629
583
601
631
594
653
544
547
552
517
508
472
476
497
459
432
438
390
420
403
374
387
404
384
351
362
374
360
391
390
399
389
375
402
416
387
414
448
419
468
441
462
491
486
505
503
515
510
550
544
566
559
555
595
595
609
663
620
654
624
704
752
695
700
792
754
810
812
858
878
897
911
896
860
895
886
923
931
925
957
922
930
969
908
900
895
959
942
941
948
971
933
917
932
881
909
950
826
927
864
926
945
949
951
877
875
965
939
909
912
963
846
850
883
892
839
881
787
763
766
758
737
748
703
669
664
628
622
577
594
599
583
570
535
611
524
522
561
607
534
572
615
577
559
581
635
634
605
653
641
634
662
686
662
683
663
739
730
784
766
767
839
796
790
856
881
877
914
944
1025
992
979
959
1095
1062
1090
1111
1127
1124
1116
1212
1208
1244
1191
1254
1207
1234
1194
1189
1172
1209
1127
1234
1212
1144
1155
1172
1182
1229
1199
1196
1206
1244
1204
1139
1205
1150
1182
1215
1152
1184
1211
1168
1191
1101
1164
1203
1165
1311
1136
1137
1162
1137
1089
1073
1004
1014
949
957
972
923
898
857
853
828
816
794
775
773
738
725
686
693
705
674
787
695
699
723
707
768
716
721
737
743
751
795
824
777
826
810
857
827
806
850
913
926
830
1003
961
941
948
1009
1028
1096
1006
1110
1115
1170
1183
1192
1245
1278
1286
1252
1434
1348
1379
1355
1293
1385
1358
1433
1405
1354
1366
1412
1388
1396
1402
1400
1416
1330
1329
1285
1405
1358
1428
1311
1343
1311
1329
1371
1317
1360
1315
1413
1367
1398
1347
1336
1308
1404
1276
1293
1347
1286
1358
1260
1283
1277
1213
1192
1209
1138
1118
1086
1084
1080
1002
938
974
921
894
908
873
801
823
816
816
797
782
798
802
780
786
752
860
804
792
855
800
800
820
822
877
855
886
911
910
904
913
867
949
947
965
1041
1003
1110
1051
1076
1110
1120
1109
1179
1216
1270
1198
1311
1235
1289
1292
1334
1335
1367
1344
1356
1392
1416
1435
1462
1497
1415
1374
1443
1386
1438
1380
1426
1343
1396
1363
1336
1360
1387
1367
1337
1324
1474
1372
1405
1425
1346
1475
1426
1293
1401
1352
1428
1361
1359
1371
1326
1295
1323
1297
1294
1276
1252
1266
1182
1181
1191
1105
1113
1081
1039
1056
957
1006
871
885
909
910
869
790
862
826
865
746
813
808
755
781
806
768
785
773
768
845
836
811
856
831
830
806
876
858
921
872
846
873
959
882
931
970
998
1038
1043
1037
1122
1036
1132
1166
1203
1201
1139
1282
1179
1327
1259
1319
1290
1326
1361
1332
1342
1275
1317
1379
1343
1342
1393
1378
1303
1333
1349
1349
1311
1261
1349
1325
1303
1215
1248
1258
1300
1352
1287
1242
1276
1263
1281
1306
1323
1293
1262
1255
1203
1164
1176
1257
1281
1200
1197
1153
1117
1114
1096
1078
1023
1079
1039
955
929
938
903
880
875
784
817
798
828
752
776
739
684
683
753
715
689
740
684
672
745
712
695
747
742
716
695
749
759
728
749
772
824
772
741
814
819
835
858
863
935
845
908
939
948
948
961
1042
1128
984
1030
1049
1086
1122
1069
1048
1151
1093
1150
1159
1132
1138
1191
1141
1221
1200
1186
1190
1180
1139
1153
1165
1120
1100
1066
1188
1095
1151
1076
1045
1092
1117
1063
1187
1092
1145
1067
1120
1023
1088
1008
1078
1036
1051
1060
1049
999
951
1034
982
935
880
895
914
954
790
854
829
859
743
737
697
687
685
704
642
679
686
668
621
606
629
576
562
589
654
593
579
586
596
598
606
616
654
609
625
605
643
662
662
653
688
711
661
680
683
702
731
735
707
796
823
803
791
870
824
806
832
881
846
906
851
894
921
933
933
924
908
914
889
896
998
961
956
963
865
957
890
927
923
898
923
892
862
942
851
866
931
876
857
828
886
888
841
884
842
886
833
876
869
821
830
818
780
849
793
801
770
766
715
709
733
695
689
635
635
609
621
587
610
540
552
561
501
517
516
497
469
482
444
448
498
481
445
456
446
503
464
464
489
503
431
488
498
463
528
491
513
512
520
496
520
559
566
579
571
581
561
605
610
644
647
627
628
648
645
736
683
653
697
675
690
741
744
717
723
701
709
703
659
735
727
707
699
702
660
684
709
655
663
676
687
687
645
629
649
628
644
672
677
684
659
645
618
675
607
629
654
617
629
615
632
589
590
597
582
568
489
542
471
501
478
441
445
444
442
438
433
429
380
401
376
360
361
378
381
333
339
381
356
332
380
337
345
353
345
320
337
385
394
380
393
388
368
362
377
384
351
434
422
418
382
391
407
425
479
476
458
437
436
468
489
480
492
497
480
492
477
523
516
534
511
518
559
503
523
510
493
495
483
511
518
447
469
487
490
499
453
513
481
517
501
452
497
468
488
483
476
511
444
458
464
446
479
461
474
408
414
401
391
415
415
393
377
381
343
368
353
369
356
332
308
302
319
305
278
277
269
285
291
278
251
269
231
247
242
243
236
229
239
239
245
240
252
267
251
255
238
275
266
280
271
273
266
262
284
277
299
295
303
283
331
304
307
317
342
350
329
339
330
309
331
363
318
346
368
369
360
363
328
312
363
396
339
372
338
346
304
328
330
325
334
321
330
339
337
329
343
317
342
302
346
359
321
321
339
306
341
290
301
316
340
303
283
286
295
271
249
269
252
224
248
269
228
250
243
231
228
220
201
191
210
189
205
185
173
176
175
166
183
169
173
190
161
151
171
163
157
187
179
172
176
151
175
182
182
171
166
200
166
187
195
204
159
190
188
222
185
204
195
205
205
218
206
226
226
219
240
209
242
231
253
224
258
230
247
223
244
229
239
231
224
208
216
236
219
215
197
232
216
210
215
189
223
233
211
230
201
215
212
205
199
201
223
198
184
189
193
190
200
190
163
198
171
176
155
191
133
167
159
175
134
156
130
135
152
116
124
154
116
128
128
97
120
126
106
102
105
114
106
93
108
132
101
108
109
93
126
98
119
131
110
119
118
116
114
123
137
113
112
143
142
114
129
122
132
130
131
157
145
147
144
130
134
149
156
148
139
154
170
154
131
148
155
143
147
167
116
151
129
158
143
108
137
140
146
142
139
143
131
145
135
151
128
142
112
119
131
129
130
140
119
128
138
109
126
118
116
143
121
118
90
110
104
104
81
85
85
82
90
90
90
72
81
80
86
84
71
70
80
76
70
59
87
66
69
62
53
78
65
62
55
72
70
74
66
67
67
65
62
77
71
93
68
70
88
73
67
87
101
81
74
105
85
83
74
84
91
88
106
93
83
81
86
86
100
91
89
73
102
85
86
90
76
87
82
104
71
94
91
88
87
85
76
85
84
93
83
94
93
88
72
84
82
63
78
77
75
85
75
64
76
85
67
67
71
74
78
66
65
80
62
53
59
66
46
56
47
55
47
53
40
47
32
61
35
49
38
35
52
48
33
29
44
29
42
35
39
34
33
51
42
36
40
48
32
44
37
52
46
43
35
47
46
39
45
56
57
48
60
51
58
53
35
64
41
57
57
52
48
53
66
71
52
60
44
63
50
51
48
38
41
45
52
50
44
46
55
55
57
53
44
44
55
44
41
46
42
51
44
58
51
43
44
45
26
41
53
44
47
48
35
41
28
30
41
35
42
35
33
38
34
24
41
37
42
26
26
29
28
26
23
24
19
24
17
29
20
32
22
26
30
22
31
19
22
19
26
34
26
20
29
34
28
24
37
25
20
31
26
37
21
27
22
24
35
27
14
26
29
44
32
31
34
29
35
29
37
36
36
38
33
39
28
40
30
34
33
42
29
32
27
32
32
30
28
36
43
26
29
31
27
27
31
36
26
31
33
21
23
29
22
27
32
27
20
21
18
33
23
19
25
19
26
18
19
19
16
10
12
13
20
17
18
18
10
20
20
17
7
9
9
11
11
11
19
11
9
13
11
12
15
15
13
15
13
13
15
14
17
12
13
14
22
16
15
16
16
16
13
19
19
18
12
18
25
11
16
20
15
16
12
13
20
11
17
18
16
15
7
11
14
26
18
15
21
15
9
18
22
22
23
15
18
19
13
12
16
18
16
12
15
13
11
17
12
9
10
17
11
17
10
10
17
13
13
8
14
14
8
8
14
12
8
13
8
10
11
6
12
13
12
7
10
12
12
9
5
7
6
8
9
9
7
4
8
9
7
9
6
7
7
10
8
13
6
9
11
6
10
10
6
7
8
10
3
12
13
11
2
8
12
5
3
11
9
10
5
11
11
11
5
11
8
11
10
9
9
8
6
12
10
11
6
14
13
15
8
11
5
8
3
8
7
8
9
9
2
9
4
7
9
5
13
8
6
9
2
0
3
5
6
5
5
10
6
8
5
7
2
6
3
4
10
4
4
5
4
1
2
2
2
5
5
5
9
3
6
4
1
3
5
4
4
1
4
7
2
7
4
6
5
3
7
4
3
3
8
7
6
1
7
3
5
3
3
4
5
1
6
5
5
7
7
6
7
4
5
4
3
7
6
2
5
5
5
4
2
2
5
6
5
4
2
7
8
4
3
3
7
0
2
8
3
3
10
3
3
7
4
3
3
6
1
3
2
3
1
1
9
9
3
4
1
4
4
3
5
4
2
2
0
4
1
0
4
2
3
1
2
3
1
2
3
2
7
0
4
3
3
1
0
0
3
5
1
2
3
2
4
8
2
2
2
2
2
5
1
4
2
2
6
1
3
2
2
1
1
0
6
2
2
3
5
3
3
3
4
2
1
3
1
4
2
6
1
1
1
5
2
3
2
2
2
2
3
3
3
6
6
0
4
4
2
4
1
3
1
4
0
2
1
0
2
2
1
4
4
1
0
0
2
2
3
1
0
1
3
0
1
3
1
2
0
0
2
0
1
2
1
1
1
1
1
2
1
1
1
1
0
1
1
1
0
2
1
3
2
3
2
2
0
2
2
4
0
1
2
3
2
1
2
2
1
0
0
1
1
0
1
2
3
1
0
1
1
2
1
1
0
1
1
2
0
1
3
1
0
1
2
0
0
1
1
1
1
1
0
4
2
0
0
1
2
1
2
1
1
5
0
0
5
0
3
2
2
3
0
1
0
0
1
0
0
0
2
0
0
1
0
0
1
0
0
2
1
0
0
1
1
0
0
1
1
0
2
0
0
1
0
0
1
2
1
0
0
0
1
1
0
1
0
1
0
4
2
1
1
2
0
1
0
0
1
1
0
1
2
0
2
1
0
0
0
1
0
0
2
2
1
1
0
1
0
0
1
1
0
1
0
0
0
1
0
0
0
1
1
0
1
0
0
1
0
0
0
1
0
1
0
0
0
0
1
0
1
0
0
0
0
0
0
0
0
0
0
1
0
1
0
1
0
0
0
0
0
1
0
0
0
0
1
0
0
1
0
0
0
1
0
0
1
0
0
1
0
0
0
2
0
0
0
1
0
1
0
1
1
1
2
2
0
0
0
0
1
0
0
0
0
0
1
1
0
0
0
0
0
1
0
0
0
0
0
0
0
0
0
2
1
0
1
1
1
1
0
0
0
1
0
2
0
0
0
0
0
0
0
0
0
0
0
1
1
0
0
0
0
0
0
1
0
0
0
1
0
0
0
1
0
0
0
0
0
0
0
0
0
0
0
0
0
1
0
0
0
0
0
0
0
0
0
0
0
0
0
0
0
1
0
0
0
0
0
1
1
0
0
1
0
0
0
1
0
0
0
0
0
0
1
0
0
0
0
0
0
0
0
0
1
1
0
0
0
0
0
0
0
0
0
0
0
0
1
0
0
0
0
0
0
0
0
0
0
0
0
0
0
1
1
0
0
0
0
0
0
0
0
0
0
0
0
0
0
0
0
0
0
0
0
0
0
0
0
0
0
0
1
0
0
0
0
0
0
1
0
0
1
0
0
1
0
0
0
0
0
0
0
0
0
0
1
0
0
0
0
0
0
0
0
0
0
0
1
1
0
0
0
0
0
1
0
0
0
0
0
1
0
0
0
0
0
0
0
0
0
0
0
0
0
0
0
0
0
0
0
0
0
0
0
0
0
0
0
0
0
0
1
0
0
0
0
0
0
0
0
0
0
0
1
0
0
0
0
0
0
0
0
0
0
0
0
0
0
0
0
0
0
0
0
0
0
0
0
0
0
0
0
0
1
0
0
0
0
0
0
0
0
0
0
0
0
0
1
0
0
0
0
0
0
0
0
0
0
0
0
0
0
0
0
0
0
0
0
0
0
0
0
0
0
0
0
0
0
0
0
0
0
0
0
0
0
0
0
0
0
0
0
0
0
0
0
0
0
0
0
0
0
0
0
0
0
0
0
0
0
0
0
0
0
0
0
0
0
0
0
1
0
0
0
0
0
0
0
0
0
0
0
0
0
0
0
1
0
0
0
0
1
0
0
0
0
0
0
0
0
0
0
1
0
0
1
0
0
0
0
0
0
0
0
0
0
0
0
0
0
0
0
0
0
0
0
0
0
0
0
0
0
0
0
0
0
0
0
0
0
0
0
0
0
0
0
0
0
0
0
0
0
0
0
0
0
0
0
0
0
0
0
0
0
0
0
0
0
0
0
0
0
0
0
0
0
0
0
0
0
0
0
0
0
0
0
0
0
0
0
0
0
0
0
0
0
0
0
0
0
0
0
0
0
0
0
0
0
0
0
0
1
0
0
0
0
0
0
0
0
0
0
0
0
0
0
0
0
0
0
0
0
0
0
0
0
0
0
0
0
0
0
0
0
0
0
0
0
0
0
0
0
0
0
0
0
0
0
0
0
0
0
0
0
0
0
0
0
0
0
0
0
0
0
0
0
0
0
0
0
0
0
0
0
0
0
0
0
0
0
0
0
0
0
0
0
0
0
0
0
0
0
0
0
0
0
0
0
0
0
0
0
0
0
0
0
0
0
0
0
0
0
0
0
0
0
0
0
0
0
0
0
0
0
0
0
0
0
0
0
0
0
0
0
0
0
0
0
0
0
0
0
0
0
0
0
0
0
0
0
0
0
0
0
0
0
0
0
0
0
0
0
0
0
0
0
0
0
0
0
0
0
0
0
0
0
0
0
0
0
0
0
0
0
0
0
0
0
0
0
0
0
0
0
0
0
0
0
0
0
0
0
0
0
0
0
0
0
0
0
0
0
0
0
0
0
0
0
0
0
0
0
0
0
0
0
0
0
0
0
0
0
0
0
0
0
0
0
0
0
0
0
0
0
0
0
0
0
0
0
0
0
0
0
0
0
0
0
0
0
0
0
0
0
0
0
0
0
0
0
0
0
0
0
0
0
0
0
0
0
0
0
0
0
0
0
0
0
0
0
0
0
0
0
0
0
0
0
0
0
0
0
0
0
0
0
0
0
0
0
0
0
0
0
0
0
0
0
0
0
0
0
0
0
0
0
0
0
0
0
0
0
0
0
0
0
0
0
0
1
0
0
0
0
0
0
0
0
0
0
0
0
0
0
0
0
0
0
0
0
0
0
0
0
0
0
0
0
0
0
0
0
0
0
0
0
0
0
0
0
0
0
0
0
0
0
0
0
0
0
0
0
0
0
0
0
0
0
0
0
0
0
0
0
0
0
0
0
0
0
0
0
0
0
0
0
0
0
0
0
0
0
0
0
0
0
0
0
0
0
0
0
0
0
0
0
0
0
0
0
0
0
0
0
0
0
0
0
0
0
0
0
0
0
0
0
0
0
0
0
0
0
0
0
0
0
0
0
0
0
0
0
0
0
0
0
0
0
0
0
0
0
0
0
0
0
0
0
0
0
0
0
0
0
0
0
0
0
0
0
0
0
0
0
0
0
0
0
0
0
0
0
0
0
0
0
0
0
0
0
0
0
0
0
0
0
0
0
0
0
0
0
0
0
0
0
0
0
0
0
0
0
0
0
0
0
0
0
0
0
0
0
0
0
0
0
0
0
0
0
0
0
0
0
0
0
0
0
0
0
0
0
0
0
0
0
0
0
0
0
0
0
0
0
0
0
0
0
0
0
0
0
0
0
0
0
0
0
0
0
0
0
0
0
0
0
0
0
0
0
0
0
0
0
0
0
0
0
0
0
0
0
0
0
0
0
0
0
0
0
0
0
0
0
0
0
0
0
0
0
0
0
0
0
0
0
0
0
0
0
0
0
0
0
0
0
0
0
0
0
0
0
0
0
0
0
0
0
0
0
0
0
0
0
0
0
0
0
0
0
0
0
0
0
0
0
0
0
0
0
0
0
0
0
0
0
0
0
0
0
0
0
0
0
0
0
0
0
0
0
0
0
0
0
0
0
0
0
0
0
0
0
0
0
0
0
0
0
0
0
0
0
0
0
0
0
0
0
0
0
0
0
0
0
0
0
0
0
0
0
0
0
0
0
0
0
0
0
0
0
0
0
0
0
0
0
0
0
0
0
0
0
0
0
0
0
0
0
0
0
0
0
0
0
0
0
0
0
0
0
0
0
0
0
0
0
0
0
0
0
0
0
0
0
0
0
0
0
0
0
0
0
0
0
0
0
0
0
0
0
0
0
0
0
0
0
0
0
0
0
0
0
0
0
0
0
0
0
0
0
0
0
0
0
0
0
0
0
0
0
0
0
0
0
0
0
0
0
0
0
0
0
0
0
0
0
0
0
0
0
0
0
0
0
0
0
0
0
0
0
0
0
0
0
0
