0
79
80
89
89
86
89
111
92
114
133
146
134
137
156
152
170
196
171
247
238
248
279
296
288
326
366
347
370
401
426
430
451
515
475
491
556
538
614
590
716
728
733
875
904
972
1050
1105
1187
1264
1360
1385
1465
1460
1650
1633
1590
1574
1671
1654
1574
1493
1458
1447
1371
1328
1264
1236
1155
1120
1073
1000
1029
974
952
850
861
867
875
892
874
876
942
849
933
889
954
952
977
985
994
1041
1059
1082
1168
1181
1202
1221
1276
1307
1313
1318
1410
1365
1432
1533
1610
1616
1765
1771
1836
1897
2028
2045
2063
2106
2160
2236
2347
2458
2484
2583
2611
2590
2545
2626
2636
2695
2830
2894
2863
2901
2959
3000
3055
3109
3067
3090
3077
3055
3029
2983
2976
2849
2886
2791
2672
2590
2425
2292
2206
2029
1970
1921
1815
1653
1595
1564
1408
1433
1357
1395
1379
1337
1353
1325
1292
1276
1305
1385
1345
1435
1409
1415
1517
1396
1493
1552
1567
1537
1670
1622
1770
1660
1720
1794
1910
1927
1925
2004
2059
2107
2198
2212
2232
2380
2498
2536
2649
2725
2751
2750
2811
2757
2920
2938
2941
2935
3031
3033
3083
3082
3137
3063
3153
2994
3169
3176
3163
3218
3079
3137
3247
3390
3252
3182
3215
3296
3141
3183
3129
3007
3012
3109
3070
2969
2816
2672
2722
2636
2525
2329
2284
2076
1993
1914
1865
1709
1749
1570
1562
1503
1458
1373
1410
1375
1417
1317
1291
1405
1394
1369
1398
1395
1435
1424
1454
1461
1462
1492
1521
1548
1575
1611
1613
1728
1623
1738
1874
1717
1956
1871
1938
2086
2077
2087
2193
2287
2325
2307
2407
2538
2527
2520
2545
2488
2557
2596
2631
2644
2635
2722
2686
2627
2696
2746
2677
2577
2640
2484
2538
2523
2514
2554
2495
2452
2503
2442
2605
2438
2511
2550
2487
2473
2501
2505
2483
2439
2532
2353
2412
2336
2235
2288
2253
2171
2178
2069
1941
1945
1863
1808
1773
1489
1575
1602
1431
1326
1332
1207
1250
1261
1237
1163
1218
1156
1230
1180
1157
1135
1174
1151
1211
1192
1166
1197
1249
1254
1287
1329
1337
1346
1454
1467
1431
1440
1517
1529
1644
1599
1705
1640
1708
1655
1751
1801
1825
1851
1818
1819
1885
1864
1919
1954
1853
1987
1952
1868
1912
1821
1893
1861
1871
1891
1780
1853
1785
1756
1765
1812
1751
1714
1793
1708
1764
1730
1700
1702
1704
1731
1709
1688
1849
1711
1804
1769
1737
1718
1742
1625
1660
1624
1526
1514
1513
1461
1440
1360
1267
1221
1221
1114
1020
1112
1040
948
906
915
918
905
834
829
854
747
856
825
829
771
801
827
845
819
824
863
860
990
913
879
888
923
913
993
1009
1062
1046
1071
1054
1091
1101
1181
1133
1155
1185
1159
1178
1225
1235
1281
1141
1247
1148
1206
1162
1185
1250
1190
1143
1195
1162
1203
1071
1112
1128
1086
1127
1173
1163
1133
1095
1043
1048
1093
1110
1059
1121
1083
1097
1067
1122
1127
1131
1074
1072
1089
1072
1069
1015
995
1034
989
927
885
923
934
887
815
762
729
753
725
713
627
640
641
600
580
564
524
523
536
516
504
523
508
490
530
506
558
571
464
512
534
534
572
543
568
616
608
563
587
618
664
634
633
634
627
658
666
715
730
713
670
722
715
759
650
703
700
716
705
718
627
653
650
655
699
710
724
625
652
683
626
675
624
606
633
631
659
609
646
631
627
635
650
643
602
653
650
611
631
613
631
614
632
538
531
571
573
506
476
461
476
446
450
434
404
387
380
345
378
361
356
331
347
283
299
317
308
341
283
293
343
277
283
276
322
286
311
318
305
319
319
299
296
335
333
300
322
345
337
356
370
374
346
362
353
403
394
347
368
389
369
409
368
358
364
417
366
359
308
361
365
360
345
340
343
355
339
354
340
349
319
339
351
303
334
345
347
328
353
333
317
335
314
316
315
329
299
308
292
341
302
314
276
284
282
267
223
230
216
210
205
227
188
214
180
178
152
186
148
149
162
165
147
167
141
155
167
143
143
164
165
165
152
157
168
179
187
165
152
151
169
181
163
186
167
191
206
182
180
213
206
210
183
164
196
205
184
183
209
188
172
187
172
189
179
155
156
161
190
183
184
148
174
164
200
165
146
170
168
162
175
131
159
164
166
158
163
180
147
145
150
159
160
136
156
152
151
146
161
146
127
116
115
120
118
126
93
91
107
92
87
83
93
102
92
89
78
84
75
87
71
89
81
77
60
67
77
69
77
84
69
85
86
88
82
98
90
80
85
88
100
87
91
99
90
109
94
102
93
77
86
124
80
106
104
106
88
78
82
97
74
87
85
72
81
71
90
76
81
79
100
77
87
99
67
72
84
96
79
73
61
67
84
72
60
83
78
62
65
74
75
80
81
70
59
69
74
73
50
58
58
42
55
43
49
45
43
51
53
59
48
40
29
40
32
37
30
44
42
33
33
36
37
32
35
44
37
35
52
38
28
33
36
30
42
43
35
57
37
39
45
40
41
33
33
41
42
33
36
37
46
39
44
55
48
39
41
40
46
32
41
44
46
32
39
39
34
37
42
33
31
40
40
34
33
33
41
32
33
42
33
31
42
29
48
31
27
30
19
28
29
30
47
25
22
28
17
27
22
24
25
26
27
20
18
17
22
26
16
17
22
16
12
11
18
14
15
17
17
13
26
16
11
20
22
24
13
11
21
23
21
11
14
20
15
15
21
17
24
16
21
10
13
16
27
15
12
18
23
25
21
18
19
17
13
21
19
22
14
22
23
16
15
21
17
15
17
14
20
15
16
19
17
24
6
16
14
17
17
11
14
25
10
17
14
9
13
9
10
16
15
11
7
7
7
5
14
8
9
10
9
13
10
11
6
10
4
8
4
9
4
4
11
5
3
3
6
8
8
3
11
11
4
10
3
10
10
8
11
6
8
9
7
8
7
4
14
8
5
7
4
5
6
4
12
7
7
6
6
6
6
7
5
7
7
6
3
4
5
9
3
5
7
6
7
9
8
8
7
7
9
12
6
4
10
13
8
6
5
5
3
3
8
5
5
6
5
5
4
5
5
5
2
0
3
3
3
1
3
0
4
4
5
5
2
3
3
3
1
3
3
2
0
3
2
4
2
1
3
3
3
3
4
6
3
4
2
4
2
6
2
5
3
1
1
4
3
2
3
3
2
2
2
3
5
2
6
2
10
4
2
1
1
2
3
4
4
2
1
3
5
3
4
3
4
2
5
4
2
2
0
2
4
2
2
1
2
4
1
3
3
2
1
3
2
2
2
0
0
1
2
1
0
1
0
1
3
0
4
3
0
0
0
3
1
0
0
1
0
0
0
0
6
2
3
2
1
0
3
0
0
2
0
1
1
1
1
1
3
3
1
0
1
2
2
1
0
1
0
1
2
1
0
0
1
1
3
4
1
0
1
2
1
1
0
1
2
2
0
0
1
4
0
0
0
5
2
0
0
0
2
1
3
2
0
0
1
0
1
0
1
2
1
2
0
0
2
0
0
0
1
1
0
1
1
2
0
0
0
0
1
1
0
0
1
0
1
1
0
0
1
0
0
0
1
0
0
0
2
1
0
0
1
0
0
0
0
0
2
0
0
2
0
0
0
0
1
0
0
0
1
0
2
0
1
1
1
0
0
0
1
0
0
0
0
0
0
2
0
0
1
0
0
0
1
2
0
1
1
0
1
0
0
1
0
0
0
0
0
0
1
0
1
0
0
0
0
0
0
0
0
0
0
0
0
1
0
1
0
1
0
0
0
0
0
0
0
0
1
0
0
1
0
0
0
0
0
0
0
0
1
0
0
0
0
0
0
0
0
0
0
0
1
2
0
0
0
1
0
0
2
0
0
0
0
0
0
0
0
2
1
1
0
0
0
0
1
0
0
0
0
1
0
0
0
0
0
0
0
0
0
0
0
0
0
1
0
0
0
0
0
0
0
0
0
0
0
0
0
0
0
1
0
0
0
1
0
0
0
0
0
0
0
0
0
0
0
0
1
1
0
0
0
0
0
1
0
0
0
0
0
1
0
0
0
0
0
0
0
0
0
0
0
0
1
0
0
0
0
0
0
0
0
0
1
0
0
0
0
0
0
0
0
0
0
0
0
0
0
0
0
0
0
0
0
0
2
0
0
0
0
0
0
0
1
0
0
0
0
0
0
0
0
0
0
0
0
0
0
0
0
0
0
0
0
0
0
0
0
0
1
0
0
0
0
0
0
0
0
0
1
0
0
0
0
0
0
0
0
0
0
1
0
0
0
0
0
0
0
0
0
0
0
0
0
0
0
0
0
0
0
0
0
0
0
0
0
0
0
0
0
0
0
0
0
0
0
0
0
0
0
0
0
0
0
0
0
0
0
0
0
0
0
0
0
0
0
0
0
0
0
0
0
0
0
0
0
0
0
0
0
0
0
0
0
0
0
0
0
0
0
0
0
1
0
0
0
0
0
0
0
0
0
0
0
0
0
0
0
0
0
0
0
0
0
0
0
0
0
0
0
0
0
0
0
0
0
0
0
0
0
0
0
0
0
0
0
0
0
0
0
0
0
0
0
0
0
0
0
0
0
0
0
0
0
0
0
0
0
0
0
0
0
0
0
0
0
0
0
0
0
0
0
0
0
0
0
0
0
0
0
0
0
0
0
0
0
0
0
0
0
0
0
0
0
0
0
0
0
0
0
0
0
0
0
1
0
0
0
0
0
0
0
0
0
0
0
0
0
0
0
0
0
0
0
0
0
0
0
0
0
0
0
0
0
0
0
0
0
0
0
0
0
0
0
0
0
0
0
0
0
0
0
0
0
0
0
0
0
0
0
0
0
0
0
0
0
0
0
0
0
0
0
0
0
0
0
0
0
0
0
0
0
0
0
0
0
0
0
0
0
0
0
0
0
0
0
0
0
0
0
0
0
0
0
0
0
0
0
0
0
0
0
0
0
0
0
0
0
0
0
0
0
0
0
0
0
0
0
0
0
0
0
0
0
0
0
0
0
0
0
0
0
0
0
0
0
0
0
0
0
0
0
0
0
0
0
0
0
0
0
0
0
0
0
0
0
0
0
0
0
0
0
0
0
0
0
0
0
0
0
0
0
0
0
0
0
0
0
0
0
0
0
0
0
0
0
0
0
0
0
0
0
0
0
0
0
0
0
0
0
0
0
0
0
0
0
0
0
0
0
0
0
0
0
0
0
0
0
0
0
0
0
0
0
0
0
0
0
0
0
0
0
0
0
0
0
0
0
0
0
0
0
0
0
0
0
0
0
0
0
0
0
0
0
0
0
0
0
0
0
0
0
0
0
0
0
0
0
0
0
0
0
0
0
0
0
0
0
0
0
0
0
0
0
0
0
0
0
0
0
0
0
0
0
0
0
0
0
0
0
0
0
0
0
0
0
0
0
0
0
0
0
0
0
0
0
0
0
0
0
0
0
0
0
0
0
0
0
0
0
0
0
0
0
0
0
0
0
0
0
0
0
0
0
0
0
0
0
0
0
0
0
0
0
0
0
0
0
0
0
0
0
0
0
0
0
0
0
0
0
0
0
0
0
0
0
0
0
0
0
0
0
0
0
0
0
0
0
0
0
0
0
0
0
0
0
0
0
0
0
0
0
0
0
0
0
0
0
0
0
0
0
0
0
0
0
0
0
0
0
0
0
0
0
0
0
0
0
0
0
0
0
0
0
0
0
0
0
0
0
0
0
0
0
0
0
0
0
0
0
0
0
0
0
0
0
0
0
0
0
0
0
0
0
0
0
0
0
0
0
0
0
0
0
0
0
0
0
0
0
0
0
0
0
0
0
0
0
0
0
0
0
0
0
0
0
0
0
0
0
0
0
0
0
0
0
0
0
0
0
0
0
0
0
0
0
0
0
0
0
0
0
0
0
0
0
0
0
0
0
0
0
0
0
0
0
0
0
0
0
0
0
0
0
0
0
0
0
0
0
0
0
0
0
0
0
0
0
0
0
0
0
0
0
0
0
0
0
0
0
0
0
0
0
0
0
0
0
0
0
0
0
0
0
0
0
0
0
0
0
0
0
0
0
0
0
0
0
0
0
0
0
0
0
0
0
0
0
0
0
0
0
0
0
0
0
0
0
0
0
0
0
0
0
0
0
0
0
0
0
0
0
0
0
0
0
0
0
0
0
0
0
0
0
0
0
0
0
0
0
0
0
0
0
0
0
0
0
0
0
0
0
0
0
0
0
0
0
0
0
0
0
0
0
0
0
0
0
0
0
0
0
0
0
0
0
0
0
0
0
0
0
0
0
0
0
0
0
0
0
0
0
0
0
0
0
0
0
0
0
0
0
0
0
0
0
0
0
0
0
0
0
0
0
0
0
0
0
0
0
0
0
0
0
0
0
0
0
0
0
0
0
0
0
0
0
0
0
0
0
0
0
0
0
0
0
0
0
0
0
0
0
0
0
0
0
0
0
0
0
0
0
0
0
0
0
0
0
0
0
0
0
0
0
0
0
0
0
0
0
0
0
0
0
0
0
0
0
0
0
0
0
0
0
0
0
0
0
0
0
0
0
0
0
0
0
0
0
0
0
0
0
0
0
0
0
0
0
0
0
0
0
0
0
0
0
0
0
0
0
0
0
0
0
0
0
0
0
0
0
0
0
0
0
0
0
0
0
0
0
0
0
0
0
0
0
0
0
0
0
0
0
0
0
0
0
0
0
0
0
0
0
0
0
0
0
0
0
0
0
0
0
0
0
0
0
0
0
0
0
0
0
0
0
0
0
0
0
0
0
0
0
0
0
0
0
0
0
0
0
0
0
0
0
0
0
0
0
0
0
0
0
0
0
0
0
0
0
0
0
0
0
0
0
0
0
0
0
0
0
0
0
0
0
0
0
0
0
0
0
0
0
0
0
0
0
0
0
0
0
0
0
0
0
0
0
0
0
0
0
0
0
0
0
0
0
0
0
0
0
0
0
0
0
0
0
0
0
0
0
0
0
0
0
0
0
0
0
0
0
0
0
0
0
0
0
0
0
0
0
0
0
0
0
0
0
0
0
0
0
0
0
0
0
0
0
0
0
0
0
0
0
0
0
0
0
0
0
0
0
0
0
0
0
0
0
0
0
0
0
0
0
0
0
0
0
0
0
0
0
0
0
0
0
0
0
0
0
0
0
0
0
0
0
0
0
0
0
0
0
0
0
0
0
0
0
0
0
0
0
0
0
0
0
0
0
0
0
0
0
0
0
0
0
0
0
0
0
0
0
0
0
0
0
0
0
0
0
0
0
0
0
0
0
0
0
0
0
0
0
0
0
0
0
0
0
0
0
0
0
0
0
0
0
0
0
0
0
0
0
0
0
0
0
0
0
0
0
0
0
0
0
0
0
0
0
0
0
0
0
0
0
0
0
0
0
0
0
0
0
0
0
0
0
0
0
0
0
0
0
0
0
0
0
0
0
0
0
0
0
0
0
0
0
0
0
0
0
0
0
0
0
0
0
0
0
0
0
0
0
0
0
0
0
0
0
0
0
0
0
0
0
0
0
0
0
0
0
0
0
0
0
0
0
0
0
0
0
0
0
0
0
0
0
0
0
0
0
0
0
0
0
0
0
0
0
0
0
0
0
0
0
0
0
0
0
0
0
0
0
0
0
0
0
0
0
0
0
0
0
0
0
0
0
0
0
0
0
0
0
0
0
0
0
0
0
0
0
0
0
0
0
0
0
0
0
0
0
0
0
0
0
0
0
0
0
0
0
0
0
0
0
0
0
0
0
0
0
0
0
0
0
0
0
0
0
0
0
0
0
0
0
0
0
0
0
0
0
0
0
0
0
0
0
0
0
0
0
0
0
0
0
0
0
0
0
0
0
0
0
0
0
0
0
0
0
0
0
0
0
0
0
0
0
0
0
0
0
0
0
0
0
0
0
0
0
0
0
0
0
0
0
0
0
0
0
0
0
0
0
0
0
0
0
0
0
0
0
0
0
0
0
0
0
0
0
0
0
0
0
0
0
0
0
0
0
0
0
0
0
0
0
0
0
0
0
0
0
0
0
0
0
0
0
0
0
0
0
0
0
0
0
0
0
0
0
0
0
0
0
0
0
0
0
0
0
0
0
0
0
0
0
0
0
0
0
0
0
0
0
0
0
0
0
0
0
0
0
0
0
0
0
0
0
0
0
0
0
0
0
0
0
0
0
0
0
0
0
0
0
0
0
0
0
0
0
0
0
0
0
0
0
0
0
0
0
0
0
0
0
0
0
0
0
0
0
0
0
0
0
0
0
0
0
0
0
0
0
0
0
0
0
0
0
0
0
0
0
0
0
0
0
0
0
0
0
0
0
0
0
0
0
0
0
0
0
0
0
0
0
0
0
0
0
0
0
0
0
0
0
0
0
0
0
0
0
0
0
0
0
0
0
0
0
0
0
0
0
0
0
0
0
0
0
0
0
0
0
0
0
0
0
0
0
0
0
0
0
0
0
0
0
0
0
0
0
0
0
0
0
0
0
0
0
0
0
0
0
0
0
0
0
0
0
0
0
0
0
0
0
0
0
0
0
0
0
0
0
0
0
0
0
0
0
0
0
0
0
0
0
0
0
0
0
0
0
0
0
0
0
0
0
0
0
0
0
0
0
0
0
0
0
0
0
0
0
0
0
0
0
0
0
0
0
0
0
0
0
0
0
0
0
0
0
0
0
0
0
0
0
0
0
0
0
0
0
0
0
0
0
0
0
0
0
0
0
0
0
0
0
0
0
0
0
0
0
0
0
0
0
0
0
0
0
0
0
0
0
0
0
0
0
0
0
0
0
0
0
0
0
0
0
0
0
0
0
0
0
0
0
0
0
0
0
0
0
0
0
0
0
0
0
0
0
0
0
0
0
0
0
0
0
0
0
0
0
0
0
0
0
0
0
0
0
0
0
0
0
0
0
0
0
0
0
0
0
0
0
0
0
0
0
0
0
0
0
0
0
0
0
0
0
0
0
0
0
0
0
0
0
0
0
0
0
0
0
0
0
0
0
0
0
0
0
0
0
0
0
0
0
0
0
0
0
0
0
0
0
0
0
0
0
0
0
0
0
0
0
0
0
0
0
0
0
0
0
0
0
0
0
0
0
0
0
0
0
0
0
0
0
0
0
0
0
0
0
0
0
0
0
0
0
0
0
0
0
0
0
0
0
0
0
0
0
0
0
0
0
0
0
0
0
0
0
0
0
0
0
0
0
0
0
0
0
0
0
0
0
0
0
0
0
0
0
0
0
0
0
0
0
0
0
0
0
0
0
0
0
0
0
0
0
0
0
0
0
0
0
0
0
0
0
0
0
0
0
0
0
0
0
0
0
0
0
0
0
0
0
0
0
0
0
0
0
0
0
0
0
0
0
0
0
0
0
0
0
0
0
0
0
0
0
0
0
0
0
0
0
0
0
0
0
0
0
0
0
0
0
0
0
0
0
0
0
0
0
0
0
0
0
0
0
0
0
0
0
0
0
0
0
0
0
0
0
0
0
0
0
0
0
0
0
0
0
0
0
0
0
0
0
0
0
0
0
0
0
0
0
0
0
0
0
0
0
0
0
0
0
0
0
0
0
0
0
