0
3
1
2
1
1
2
1
3
3
2
3
4
0
6
2
3
7
4
4
6
9
3
10
10
4
15
9
14
16
15
19
31
40
21
35
22
29
30
43
48
54
50
59
68
61
84
64
70
100
102
116
120
110
112
127
142
126
127
121
103
103
104
104
78
102
84
85
77
103
96
84
111
99
95
91
108
115
106
117
108
118
131
143
151
149
151
167
175
190
187
212
180
233
233
272
283
273
293
306
339
348
361
336
348
383
372
436
463
456
483
482
509
551
472
465
494
511
506
491
478
496
461
471
401
467
419
374
399
388
348
328
328
329
323
357
312
321
319
334
319
336
405
384
391
430
399
450
481
524
516
556
590
632
592
683
724
740
806
856
858
844
889
965
912
978
1031
1060
1073
1047
1123
1191
1207
1257
1264
1276
1276
1339
1260
1293
1217
1288
1222
1178
1126
1049
952
973
863
813
758
796
677
673
637
568
547
542
572
550
587
588
576
595
624
654
716
718
735
773
777
887
934
928
1050
1023
1120
1204
1210
1228
1376
1344
1368
1321
1388
1433
1501
1602
1565
1691
1746
1760
1726
1732
1840
1772
1874
1826
1980
2012
2073
1935
2004
2094
2050
2101
2062
1987
2034
2008
1917
1856
1712
1705
1591
1501
1467
1394
1320
1288
1122
1168
1105
1047
1026
984
992
980
937
995
970
1006
1059
1043
1148
1126
1182
1214
1306
1404
1379
1439
1434
1571
1617
1718
1694
1819
1840
1918
2008
1941
1989
2070
2206
2182
2221
2282
2272
2350
2375
2422
2494
2570
2409
2456
2515
2487
2466
2511
2486
2604
2595
2684
2535
2632
2471
2442
2511
2379
2337
2255
2260
2173
2025
1859
1906
1859
1768
1693
1610
1561
1390
1435
1401
1374
1335
1312
1334
1384
1325
1360
1455
1484
1541
1564
1577
1589
1743
1723
1820
1844
1951
1947
2023
2045
2046
2111
2136
2267
2228
2365
2292
2466
2438
2493
2637
2591
2597
2645
2685
2719
2600
2806
2750
2765
2797
2779
2745
2829
2760
2763
2830
2632
2805
2681
2727
2571
2466
2668
2593
2455
2406
2247
2247
2137
1958
1985
1982
1859
1767
1747
1639
1510
1497
1523
1501
1521
1478
1514
1491
1563
1525
1598
1628
1686
1723
1820
1772
1933
1847
1931
1957
1958
2039
2127
2156
2227
2185
2243
2335
2355
2460
2491
2512
2490
2365
2516
2488
2602
2528
2594
2545
2714
2594
2612
2605
2563
2575
2605
2541
2617
2489
2621
2664
2596
2564
2493
2486
2468
2217
2324
2281
2286
2146
1973
1941
1953
1728
1697
1647
1633
1542
1454
1427
1449
1422
1377
1407
1489
1411
1467
1546
1546
1420
1514
1622
1609
1624
1650
1670
1717
1808
1791
1850
1859
1865
1926
2032
2040
1995
2065
2128
2079
2106
2106
2210
2239
2095
2259
2226
2105
2218
2136
2158
2258
2145
2139
2279
2150
2185
2216
2102
2238
2049
2118
2164
2101
2051
2041
1991
1904
1900
1810
1713
1640
1612
1619
1510
1465
1405
1307
1322
1243
1236
1246
1190
1201
1194
1183
1241
1183
1217
1212
1262
1222
1178
1322
1320
1292
1361
1380
1392
1429
1400
1450
1505
1590
1539
1569
1610
1600
1559
1632
1547
1599
1658
1622
1656
1660
1587
1695
1713
1644
1653
1700
1721
1698
1616
1637
1759
1667
1614
1644
1644
1608
1595
1608
1532
1488
1558
1435
1435
1336
1300
1273
1195
1171
1122
1067
1025
1020
958
943
921
876
899
877
876
854
834
858
946
914
904
922
957
923
942
947
972
1033
976
1030
1058
1072
1010
1116
1072
1052
1092
1155
1115
1190
1131
1105
1154
1150
1179
1140
1119
1170
1100
1131
1133
1181
1155
1184
1151
1173
1131
1091
1162
1153
1078
1107
1071
1104
1068
991
1008
937
930
875
917
876
799
754
733
752
713
653
678
637
645
622
629
599
583
606
578
599
629
593
619
596
645
617
656
691
634
681
665
678
642
726
659
759
754
734
750
734
767
778
758
749
692
749
729
740
768
721
742
769
736
730
732
655
718
727
795
705
646
707
708
681
697
645
635
665
596
595
585
628
504
532
468
497
405
449
373
413
391
390
382
389
331
374
386
341
389
375
363
397
386
385
378
369
390
393
385
422
417
436
435
420
426
417
417
443
408
449
443
477
421
440
431
479
456
442
431
429
415
502
464
469
446
414
467
420
444
456
426
396
386
389
404
386
323
347
331
331
334
316
342
296
289
266
265
245
232
264
237
215
257
241
214
207
217
206
207
200
229
217
215
210
227
219
222
241
232
229
241
233
233
260
230
250
257
253
247
242
227
244
252
248
233
258
255
234
241
234
273
255
247
256
261
249
249
224
251
247
251
229
214
219
203
202
224
198
187
202
171
167
135
155
160
159
115
161
130
131
121
112
118
113
130
116
122
130
133
109
132
126
118
112
124
119
122
131
137
136
122
116
142
140
150
139
156
143
127
145
145
152
135
138
133
143
144
153
138
150
135
146
119
137
115
138
107
124
131
119
121
139
109
137
107
103
94
99
108
89
98
85
76
69
54
65
69
63
62
69
64
82
66
74
74
68
58
61
71
67
67
62
70
77
62
49
65
62
78
60
54
74
73
56
67
60
65
65
65
87
54
60
63
80
76
76
74
70
79
80
66
62
62
65
72
65
64
64
55
60
49
53
54
54
73
54
31
54
46
32
33
34
32
40
31
42
34
45
31
35
43
33
30
29
27
21
27
42
27
34
29
36
29
38
39
29
34
42
31
31
22
29
39
45
37
34
31
27
32
31
26
36
24
26
18
35
23
23
27
36
23
24
26
37
37
30
27
23
29
23
21
18
26
28
28
18
14
27
26
19
22
15
21
19
28
15
20
14
14
13
16
15
8
16
11
11
13
15
17
18
15
14
20
16
17
19
18
13
10
11
21
11
16
18
19
11
20
22
25
12
15
18
22
17
12
14
16
9
14
13
13
11
13
14
25
12
15
18
10
7
10
7
8
11
11
14
11
11
11
8
10
11
6
8
7
4
10
8
6
7
9
5
4
9
6
7
4
5
4
4
8
5
2
2
5
5
4
5
5
6
3
10
11
8
5
7
5
6
6
6
5
11
3
5
5
10
5
6
2
7
7
6
6
2
2
7
3
5
4
2
4
9
4
8
3
4
4
6
4
0
2
0
5
2
6
5
1
3
2
2
2
2
3
2
3
2
1
1
2
4
3
6
0
3
1
1
5
7
8
9
6
4
5
2
0
1
3
2
2
3
2
3
4
1
3
5
1
6
2
1
2
2
2
2
1
2
2
4
3
1
3
0
2
0
0
3
0
1
1
1
4
2
1
2
0
1
1
0
0
1
2
1
1
0
0
3
1
3
2
3
1
0
3
1
3
1
0
2
0
0
0
0
0
4
1
2
2
0
1
2
0
2
1
0
0
0
1
4
2
2
1
1
0
0
2
1
1
0
0
1
2
0
3
0
0
1
0
0
1
0
2
1
0
0
2
0
0
0
0
0
0
0
0
0
0
0
0
0
0
0
0
0
0
0
2
0
3
0
0
1
1
1
0
1
0
0
1
0
0
1
0
1
0
0
1
0
0
0
2
1
1
0
1
0
0
1
0
0
1
0
0
2
1
0
0
1
0
0
1
0
1
0
1
0
1
0
0
1
0
0
0
0
1
0
0
0
0
0
0
0
0
0
0
0
0
0
0
0
0
1
0
0
0
0
0
0
0
0
0
0
0
0
0
1
0
0
0
0
0
0
0
0
0
0
0
0
0
0
0
1
0
0
0
0
0
0
0
0
0
0
0
0
0
0
0
0
0
1
1
0
0
0
0
0
0
0
0
0
0
0
1
0
0
0
0
0
0
0
0
0
0
0
0
0
0
0
0
0
0
0
0
0
0
0
0
0
0
0
0
0
0
0
0
0
0
0
0
0
0
0
0
0
0
0
0
0
0
0
0
0
0
0
0
0
0
0
0
0
0
0
0
0
0
0
0
0
0
0
0
0
0
0
0
0
0
0
0
0
0
0
0
0
0
0
0
0
1
0
0
0
0
0
0
0
0
0
0
0
0
0
0
0
0
0
0
0
0
0
0
0
0
0
0
0
0
0
0
0
0
0
0
0
1
0
0
0
0
0
0
0
0
0
0
0
0
0
0
0
0
0
0
0
0
0
0
0
0
0
0
0
0
0
0
0
0
0
0
0
0
0
0
0
0
0
0
0
0
0
0
0
0
0
0
0
0
0
0
0
0
0
0
0
0
0
0
0
0
0
0
0
0
0
0
0
0
0
0
0
0
0
0
0
0
0
0
0
0
0
0
0
0
0
0
0
0
0
0
0
0
0
0
0
0
0
0
0
0
0
0
0
0
0
0
0
0
0
0
0
0
0
0
0
0
0
0
0
0
0
0
0
0
0
0
0
0
0
0
0
0
0
0
0
0
0
0
0
0
0
0
0
0
0
0
0
0
0
0
0
0
0
0
0
0
0
0
0
0
0
0
0
0
0
0
0
0
0
0
0
0
0
0
0
0
0
0
0
0
0
0
0
0
0
0
0
0
0
0
0
0
0
0
0
0
0
0
0
0
0
0
0
0
0
0
0
0
0
0
0
0
0
0
0
0
0
0
0
0
0
0
0
0
0
0
0
0
0
0
0
0
0
0
0
0
0
0
0
0
0
0
0
0
0
0
0
0
0
0
0
0
0
0
0
0
0
0
0
0
0
0
0
0
0
0
0
0
0
0
0
0
0
0
0
0
0
0
0
0
0
0
0
0
0
0
0
0
0
0
0
0
0
0
0
0
0
0
0
0
0
0
0
0
0
0
0
0
0
0
0
0
0
0
0
0
0
0
0
0
0
0
0
0
0
0
0
0
0
0
0
0
0
0
0
0
0
0
0
0
0
0
0
0
0
0
0
0
0
0
0
0
0
0
0
0
0
0
0
0
0
0
0
0
0
0
0
0
0
0
0
0
0
0
0
0
0
0
0
0
0
0
0
0
0
0
0
0
0
0
0
0
0
0
0
0
0
0
0
0
0
0
0
0
0
0
0
0
0
0
0
0
0
0
0
0
0
0
0
0
0
0
0
0
0
0
0
0
0
0
0
0
0
0
0
0
0
0
0
0
0
0
0
0
0
0
0
0
0
0
0
0
0
0
0
0
0
0
0
0
0
0
0
0
0
0
0
0
0
0
0
0
0
0
0
0
0
0
0
0
0
0
0
0
0
0
0
0
0
0
0
0
0
0
0
0
0
0
0
0
0
0
0
0
0
0
0
0
0
0
0
0
0
0
0
0
0
0
0
0
0
0
0
0
0
0
0
0
0
0
0
0
0
0
0
0
0
0
0
0
0
0
0
0
0
0
0
0
0
0
0
0
0
0
0
0
0
0
0
0
0
0
0
0
0
0
0
0
0
0
0
0
0
0
0
0
0
0
0
0
0
0
0
0
0
0
0
0
0
0
0
0
0
0
0
0
0
0
0
0
0
0
0
0
0
0
0
0
0
0
0
0
0
0
0
0
0
0
0
0
0
0
0
0
0
0
0
0
0
0
0
0
0
0
0
0
0
0
0
0
0
0
0
0
0
0
0
0
0
0
0
0
0
0
0
0
0
0
0
0
0
0
0
0
0
0
0
0
0
0
0
0
0
0
0
0
0
0
0
0
0
0
0
0
0
0
0
0
0
0
0
0
0
0
0
0
0
0
0
0
0
0
0
0
0
0
0
0
0
0
0
0
0
0
0
0
0
0
0
0
0
0
0
0
0
0
0
0
0
0
0
0
0
0
0
0
0
0
0
0
0
0
0
0
0
0
0
0
0
0
0
0
0
0
0
0
0
0
0
0
0
0
0
0
0
0
0
0
0
0
0
0
0
0
0
0
0
0
0
0
0
0
0
0
0
0
0
0
0
0
0
0
0
0
0
0
0
0
0
0
0
0
0
0
0
0
0
0
0
0
0
0
0
0
0
0
0
0
0
0
0
0
0
0
0
0
0
0
0
0
0
0
0
0
0
0
0
0
0
0
0
0
0
0
0
0
0
0
0
0
0
0
0
0
0
0
0
0
0
0
0
0
0
0
0
0
0
0
0
0
0
0
0
0
0
0
0
0
0
0
0
0
0
0
0
0
0
0
0
0
0
0
0
0
0
0
0
0
0
0
0
0
0
0
0
0
0
0
0
0
0
0
0
0
0
0
0
0
0
0
0
0
0
0
0
0
0
0
0
0
0
0
0
0
0
0
0
0
0
0
0
0
0
0
0
0
0
0
0
0
0
0
0
0
0
0
0
0
0
0
0
0
0
0
0
0
0
0
0
0
0
0
0
0
0
0
0
0
0
0
0
0
0
0
0
0
0
0
0
0
0
0
0
0
0
0
0
0
0
0
0
0
0
0
0
0
0
0
0
0
0
0
0
0
0
0
0
0
0
0
0
0
0
0
0
0
0
0
0
0
0
0
0
0
0
0
0
0
0
0
0
0
0
0
0
0
0
0
0
0
0
0
0
0
0
0
0
0
0
0
0
0
0
0
0
0
0
0
0
0
0
0
0
0
0
0
0
0
0
0
0
0
0
0
0
0
0
0
0
0
0
0
0
0
0
0
0
0
0
0
0
0
0
0
0
0
0
0
0
0
0
0
0
0
0
0
0
0
0
0
0
0
0
0
0
0
0
0
0
0
0
0
0
0
0
0
0
0
0
0
0
0
0
0
0
0
0
0
0
0
0
0
0
0
0
0
0
0
0
0
0
0
0
0
0
0
0
0
0
0
0
0
0
0
0
0
0
0
0
0
0
0
0
0
0
0
0
0
0
0
0
0
0
0
0
0
0
0
0
0
0
0
0
0
0
0
0
0
0
0
0
0
0
0
0
0
0
0
0
0
0
0
0
0
0
0
0
0
0
0
0
0
0
0
0
0
0
0
0
0
0
0
0
0
0
0
0
0
0
0
0
0
0
0
0
0
0
0
0
0
0
0
0
0
0
0
0
0
0
0
0
0
0
0
0
0
0
0
0
0
0
0
0
0
0
0
0
0
0
0
0
0
0
0
0
0
0
0
0
0
0
0
0
0
0
0
0
0
0
0
0
0
0
0
0
0
0
0
0
0
0
0
0
0
0
0
0
0
0
0
0
0
0
0
0
0
0
0
0
0
0
0
0
0
0
0
0
0
0
0
0
0
0
0
0
0
0
0
0
0
0
0
0
0
0
0
0
0
0
0
0
0
0
0
0
0
0
0
0
0
0
0
0
0
0
0
0
0
0
0
0
0
0
0
0
0
0
0
0
0
0
0
0
0
0
0
0
0
0
0
0
0
0
0
0
0
0
0
0
0
0
0
0
0
0
0
0
0
0
0
0
0
0
0
0
0
0
0
0
0
0
0
0
0
0
0
0
0
0
0
0
0
0
0
0
0
0
0
0
0
0
0
0
0
0
0
0
0
0
0
0
0
0
0
0
0
0
0
0
0
0
0
0
0
0
0
0
0
0
0
0
0
0
0
0
0
0
0
0
0
0
0
0
0
0
0
0
0
0
0
0
0
0
0
0
0
0
0
0
0
0
0
0
0
0
0
0
0
0
0
0
0
0
0
0
0
0
0
0
0
0
0
0
0
0
0
0
0
0
0
0
0
0
0
0
0
0
0
0
0
0
0
0
0
0
0
0
0
0
0
0
0
0
0
0
0
0
0
0
0
0
0
0
0
0
0
0
0
0
0
0
0
0
0
0
0
0
0
0
0
0
0
0
0
0
0
0
0
0
0
0
0
0
0
0
0
0
0
0
0
0
0
0
0
0
0
0
0
0
0
0
0
0
0
0
0
0
0
0
0
0
0
0
0
0
0
0
0
0
0
0
0
0
0
0
0
0
0
0
0
0
0
0
0
0
0
0
0
0
0
0
0
0
0
0
0
0
0
0
0
0
0
0
0
0
0
0
0
0
0
0
0
0
0
0
0
0
0
0
0
0
0
0
0
0
0
0
0
0
0
0
0
0
0
0
0
0
0
0
0
0
0
0
0
0
0
0
0
0
0
0
0
0
0
0
0
0
0
0
0
0
0
0
0
0
0
0
0
0
0
0
0
0
0
0
0
0
0
0
0
0
0
0
0
0
0
0
0
0
0
0
0
0
0
0
0
0
0
0
0
0
0
0
0
0
0
0
0
0
0
0
0
0
0
0
0
0
0
0
0
0
0
0
0
0
0
0
0
0
0
0
0
0
0
0
0
0
0
0
0
0
0
0
0
0
0
0
0
0
0
0
0
0
0
0
0
0
0
0
0
0
0
0
0
0
0
0
0
0
0
0
0
0
0
0
0
0
0
0
0
0
0
0
0
0
0
0
0
0
0
0
0
0
0
0
0
0
0
0
0
0
0
0
0
0
0
0
0
0
0
0
0
0
0
0
0
0
0
0
0
0
0
0
0
0
0
0
0
0
0
0
0
0
0
0
0
0
0
0
0
0
0
0
0
0
0
0
0
0
0
0
0
0
0
0
0
0
0
0
0
0
0
0
0
0
0
0
0
0
0
0
0
0
0
0
0
0
0
0
0
0
0
0
0
0
0
0
0
0
0
0
0
0
0
0
0
0
0
0
0
0
0
0
0
0
0
0
0
0
0
0
0
0
0
0
0
0
0
0
0
0
0
0
0
0
0
0
0
0
0
0
0
0
0
0
0
0
0
0
0
0
0
0
0
0
0
0
0
0
0
0
0
0
0
0
0
0
0
0
0
0
0
0
0
0
0
0
0
0
0
0
0
0
0
0
0
0
0
0
0
0
0
0
0
0
0
0
0
0
0
0
0
0
0
0
0
0
0
0
0
0
0
0
0
0
0
0
0
0
0
0
0
0
0
0
0
0
0
0
0
0
0
0
0
0
0
0
0
0
0
0
0
0
0
0
0
0
0
0
0
0
0
0
0
0
0
0
0
0
0
0
0
0
0
0
0
0
0
0
0
0
0
0
0
0
0
0
0
0
0
0
0
0
0
0
0
0
0
0
0
0
0
0
0
0
0
0
0
0
0
0
0
0
0
0
0
0
0
0
0
0
0
0
0
0
0
0
0
0
0
0
0
0
0
0
0
0
0
0
0
0
0
0
0
0
0
0
0
0
0
0
0
0
0
0
0
0
0
0
0
0
0
0
0
0
0
0
0
0
0
0
0
0
0
0
0
0
0
0
0
0
0
0
0
0
0
0
0
0
0
0
0
0
0
0
0
0
0
0
0
0
0
0
0
0
0
0
0
0
0
0
0
0
0
0
0
0
0
0
0
0
0
0
0
0
0
0
0
0
0
0
0
0
0
0
0
0
0
0
0
0
0
0
0
0
0
0
0
0
0
0
0
0
0
0
0
0
0
0
0
0
0
0
0
0
0
0
0
0
0
0
0
0
0
0
0
0
0
0
0
0
0
0
0
0
0
0
0
0
0
0
0
0
0
0
0
0
0
0
0
0
0
0
0
0
0
0
0
0
0
0
0
0
0
0
0
0
0
0
0
0
0
0
0
0
0
0
0
0
0
0
0
0
0
0
0
0
0
0
0
0
0
0
0
0
0
0
0
0
0
0
0
0
0
0
0
0
0
0
0
0
0
0
0
0
0
0
0
0
0
0
0
0
0
0
0
0
