0
3
2
2
3
2
1
3
1
3
4
5
3
4
4
1
4
5
7
2
3
7
2
7
11
9
6
11
11
15
13
10
10
15
21
18
15
16
23
25
32
30
32
30
34
36
38
48
57
49
59
47
61
53
78
71
72
91
70
74
78
61
72
84
73
65
73
62
63
61
58
63
56
63
64
74
52
61
66
52
62
59
83
70
82
106
80
92
93
93
84
87
113
97
126
122
129
131
124
156
142
177
156
141
172
188
187
192
225
210
248
243
233
249
244
243
239
279
281
267
264
248
252
291
277
282
281
283
290
280
308
290
306
273
284
248
254
268
214
251
215
191
204
199
188
206
174
156
183
164
199
167
198
199
245
244
205
224
234
270
248
266
277
287
295
319
323
328
341
343
378
394
461
467
469
447
507
529
512
623
554
575
546
612
587
606
621
658
606
656
720
689
643
679
656
670
700
707
753
783
709
742
746
803
722
738
759
748
674
639
645
633
547
525
531
484
452
447
415
384
364
357
374
402
351
345
345
344
346
389
396
401
387
420
460
428
450
486
496
483
500
580
588
584
559
622
649
746
710
749
824
810
820
909
936
903
947
985
994
1051
953
1009
1032
1065
1078
990
1083
1087
991
1085
1075
1071
1120
1163
1093
1164
1197
1110
1143
1270
1247
1226
1293
1217
1284
1309
1260
1318
1318
1330
1306
1333
1256
1187
1151
1108
1029
1032
978
1010
822
857
851
817
746
738
679
722
669
674
696
689
621
652
740
743
730
767
740
819
800
763
867
883
949
997
956
1025
1061
1126
1168
1210
1157
1236
1333
1272
1305
1340
1349
1453
1385
1525
1476
1475
1432
1557
1452
1551
1475
1536
1526
1603
1583
1616
1619
1649
1595
1541
1616
1669
1698
1705
1790
1815
1777
1806
1841
1914
1829
1919
1854
1860
1809
1846
1728
1812
1711
1690
1559
1582
1433
1396
1312
1302
1162
1165
1084
1051
932
1001
1018
946
938
984
962
926
901
940
1027
960
981
1047
1071
1083
1097
1166
1246
1292
1334
1354
1319
1383
1419
1499
1544
1551
1527
1570
1667
1671
1702
1709
1815
1721
1690
1771
1797
1789
1824
1798
1840
1897
1792
1847
1853
2000
1810
1870
1849
1985
1933
2031
2064
2095
2028
2137
2157
2061
2151
2093
2225
2273
2158
2224
2170
2206
2112
2109
2078
2022
1785
1788
1821
1755
1602
1524
1440
1493
1362
1286
1258
1227
1141
1137
1026
1092
1047
1110
1141
1113
1121
1120
1149
1140
1151
1189
1221
1293
1280
1359
1443
1356
1396
1467
1500
1616
1555
1585
1650
1747
1697
1766
1808
1798
1827
1824
1879
1884
1841
1851
1990
1891
1930
1878
1930
1941
1921
1930
1976
2024
1956
2092
2053
2103
2023
2075
2119
2157
2177
2236
2256
2406
2222
2321
2285
2325
2173
2209
2140
2187
2049
2039
1976
2016
1827
1895
1661
1657
1558
1592
1435
1324
1333
1227
1233
1188
1156
1135
1097
1048
1020
1174
1116
1136
1089
1134
1236
1225
1244
1239
1302
1364
1324
1442
1428
1483
1359
1407
1442
1583
1463
1550
1588
1663
1612
1722
1669
1677
1603
1686
1742
1804
1793
1817
1780
1850
1879
1903
1778
1861
1848
1823
1851
1827
1877
1939
1948
1948
1920
1923
1923
2015
1979
1976
2103
2117
1979
2107
2045
1980
1970
2031
1893
1967
1808
1756
1663
1712
1512
1495
1467
1376
1315
1237
1187
1245
1104
1020
999
998
961
1028
989
1040
1000
979
969
1009
1089
1079
1116
1050
1058
1095
1128
1158
1220
1215
1240
1285
1253
1241
1385
1343
1347
1375
1368
1381
1410
1440
1457
1450
1473
1465
1461
1527
1467
1520
1564
1538
1474
1600
1598
1551
1547
1577
1603
1631
1592
1542
1631
1658
1572
1748
1648
1701
1674
1658
1643
1699
1653
1660
1663
1644
1603
1534
1495
1502
1396
1423
1292
1279
1132
1178
1108
1062
977
984
927
910
845
837
840
822
806
786
807
814
840
813
790
873
864
852
860
851
875
868
918
972
980
1031
1086
998
1049
1033
1046
1077
1017
1087
1094
1159
1123
1139
1118
1135
1113
1093
1171
1170
1097
1189
1176
1236
1128
1233
1242
1177
1192
1211
1236
1308
1190
1232
1278
1300
1254
1299
1303
1280
1227
1240
1263
1225
1262
1252
1180
1234
1176
1114
1024
1073
985
963
889
892
824
835
791
729
681
640
628
636
632
578
600
598
623
554
583
587
606
625
612
646
647
676
669
695
631
706
735
697
678
766
703
766
751
758
765
795
786
732
780
775
793
750
839
754
845
841
855
862
761
820
848
804
840
874
857
912
903
880
837
883
884
866
829
818
900
960
894
853
878
956
828
883
799
763
799
784
678
671
695
696
650
605
585
548
531
489
476
535
403
448
407
443
442
404
435
434
398
441
427
430
412
425
425
448
455
442
485
457
496
464
479
450
485
496
512
497
510
473
504
510
526
529
511
504
515
569
526
547
526
539
556
563
539
594
576
582
481
564
551
612
616
560
580
611
539
559
613
609
586
603
579
591
534
588
573
527
533
450
446
442
443
387
378
412
358
410
356
334
328
315
292
269
266
267
248
273
228
268
236
287
258
302
292
314
252
262
288
299
283
309
302
301
307
325
321
304
316
314
336
336
365
319
322
348
328
358
342
323
349
368
354
357
316
318
365
360
348
381
345
360
350
372
340
346
356
385
357
355
366
388
299
343
360
336
356
330
337
329
334
320
271
263
269
227
249
240
241
228
207
203
210
207
206
201
171
173
167
155
160
162
171
174
178
189
154
157
168
149
183
190
189
182
180
180
185
213
218
187
188
183
202
214
191
188
170
171
216
190
201
200
214
214
220
195
178
206
202
208
198
216
203
229
200
195
185
205
216
223
222
233
216
204
228
232
168
224
180
177
183
184
157
183
169
152
145
123
136
128
138
112
121
107
120
111
105
86
111
96
97
98
86
96
101
90
84
81
102
89
88
97
100
115
104
97
87
108
93
100
109
89
100
120
114
136
119
103
106
101
109
135
133
124
103
124
122
111
114
109
126
122
110
121
123
110
119
127
115
111
126
126
110
131
125
124
144
102
105
107
104
116
104
114
88
82
81
86
82
62
70
62
78
63
64
59
72
69
64
59
50
51
39
40
55
46
54
43
62
45
65
70
54
79
50
65
34
59
50
46
60
71
51
55
49
62
47
59
60
61
55
70
83
69
63
66
64
72
64
63
80
54
53
69
60
65
70
79
58
67
72
76
71
59
60
55
69
59
55
63
52
60
47
59
52
61
49
39
48
35
43
28
38
31
31
25
32
29
33
27
42
22
33
36
29
22
37
40
22
30
29
23
18
24
25
32
30
22
30
32
35
32
27
31
37
33
37
35
29
48
34
27
27
34
19
39
38
33
28
27
19
34
34
24
34
32
29
28
33
25
26
28
34
26
34
32
29
36
32
28
29
36
40
20
35
28
20
25
22
19
22
21
24
13
19
20
11
14
14
17
21
17
18
9
15
9
10
18
12
16
12
9
15
8
14
18
13
9
16
19
17
20
15
11
14
16
11
13
18
15
18
11
21
10
20
16
18
21
10
27
14
18
20
12
17
15
8
24
12
18
19
17
15
17
13
11
23
9
18
15
13
12
16
9
14
12
7
14
14
6
12
11
9
13
11
11
14
8
8
10
3
11
5
7
12
3
6
7
11
3
6
8
5
3
6
4
7
7
3
10
7
11
9
4
6
8
10
7
7
6
5
6
7
6
11
8
14
6
8
6
9
8
6
4
10
10
9
9
6
10
6
2
10
12
11
7
7
9
4
7
8
10
10
4
4
4
3
5
4
9
5
5
8
6
2
2
4
6
4
7
2
6
2
1
2
0
0
4
1
7
6
3
2
3
6
3
1
3
6
1
3
7
2
4
3
3
1
2
1
2
1
3
3
7
4
4
1
6
4
2
4
3
2
6
4
6
6
7
1
2
4
6
2
4
5
0
5
4
1
5
2
3
2
3
4
1
4
3
3
7
0
2
2
3
4
2
1
0
0
1
0
2
2
2
0
1
1
3
1
4
1
2
2
1
1
2
2
2
0
4
1
2
3
2
5
3
4
2
3
1
1
1
3
2
3
3
5
2
2
2
3
3
1
2
1
1
0
1
0
3
4
3
2
1
2
1
0
2
0
1
1
3
0
1
2
1
2
2
2
0
1
0
1
0
1
0
0
1
1
1
0
2
0
2
0
0
0
0
0
1
3
1
2
1
0
2
0
0
0
2
0
1
2
0
1
1
1
1
1
1
1
2
1
0
1
0
1
1
0
0
0
1
1
0
1
0
0
2
1
1
0
2
1
0
0
1
1
0
0
0
2
1
1
2
0
1
0
0
1
0
0
0
0
0
0
1
0
0
0
0
0
2
0
0
0
0
0
0
0
0
0
0
0
0
0
1
0
0
1
0
0
1
0
0
0
1
0
0
0
0
1
0
0
0
1
0
0
0
0
0
2
0
0
1
0
1
0
0
0
0
0
0
2
0
0
0
0
0
0
0
0
0
0
0
0
1
0
1
0
0
0
0
0
0
0
1
1
0
0
0
0
0
0
0
0
1
0
0
0
0
0
0
0
0
0
0
0
0
0
0
1
0
0
0
0
0
0
0
0
2
0
0
2
0
0
0
0
0
0
0
0
1
0
0
0
0
1
0
0
0
0
0
0
1
0
0
0
0
0
0
1
0
0
0
0
0
1
0
0
0
1
0
0
0
0
0
0
0
0
0
0
0
0
0
0
0
0
0
0
0
0
0
0
0
0
0
0
0
0
0
0
0
0
0
0
0
0
0
0
0
0
0
0
0
0
0
0
0
0
1
0
0
0
0
0
0
0
0
0
0
0
0
0
0
0
2
0
0
0
0
0
0
0
0
0
0
0
0
0
0
0
0
0
0
0
0
0
0
0
0
0
0
0
0
0
0
0
0
0
0
0
0
0
0
0
0
0
0
0
0
0
0
0
0
0
0
0
0
0
0
0
0
0
0
0
0
0
0
0
0
0
0
0
0
0
0
0
0
0
0
0
0
0
0
0
0
0
0
0
0
0
0
0
0
0
0
0
0
0
0
0
0
0
0
0
0
0
0
0
0
0
0
0
0
0
0
0
0
0
0
0
0
0
0
0
0
0
0
0
0
0
0
0
0
0
0
0
0
0
0
0
0
0
0
0
0
0
0
0
0
0
0
0
0
0
0
0
0
0
0
0
0
0
0
0
0
0
0
0
0
0
0
0
0
0
0
0
0
0
0
0
0
0
0
0
0
0
0
0
0
0
0
0
0
0
0
0
0
0
0
0
0
0
0
0
0
0
0
0
0
0
0
0
0
0
0
0
0
0
0
0
0
0
0
0
0
0
0
0
0
0
0
0
0
0
0
0
0
0
0
0
0
0
0
0
0
0
0
0
0
0
0
0
0
0
0
0
0
0
0
0
0
0
0
0
0
0
0
0
0
0
0
0
0
0
0
0
0
0
0
0
0
0
0
0
0
0
0
0
0
0
0
0
0
0
0
0
0
0
0
0
0
0
0
0
0
0
0
0
0
0
0
0
0
0
0
0
0
0
0
0
0
0
0
0
0
0
0
0
0
0
0
0
0
0
0
0
0
0
0
0
0
0
0
0
0
0
0
0
0
0
0
0
0
0
0
0
0
0
0
0
0
0
0
0
0
0
0
0
0
0
0
0
0
0
0
0
0
0
0
0
0
0
0
0
0
0
0
0
0
0
0
0
0
0
0
0
0
0
0
0
0
0
0
0
0
0
0
0
0
0
0
0
0
0
0
0
0
0
0
0
0
0
0
0
0
0
0
0
0
0
0
0
0
0
0
0
0
0
0
0
0
0
0
0
0
0
0
0
0
0
0
0
0
0
0
0
0
0
0
0
0
0
0
0
0
0
0
0
0
0
0
0
0
0
0
0
0
0
0
0
0
0
0
0
0
0
0
0
0
0
0
0
0
0
0
0
0
0
0
0
0
0
0
0
0
0
0
0
0
0
0
0
0
0
0
0
0
0
0
0
0
0
0
0
0
0
0
0
0
0
0
0
0
0
0
0
0
0
0
0
0
0
0
0
0
0
0
0
0
0
0
0
0
0
0
0
0
0
0
0
0
0
0
0
0
0
0
0
0
0
0
0
0
0
0
0
0
0
0
0
0
0
0
0
0
0
0
0
0
0
0
0
0
0
0
0
0
0
0
0
0
0
0
0
0
0
0
0
0
0
0
0
0
0
0
0
0
0
0
0
0
0
0
0
0
0
0
0
0
0
0
0
0
0
0
0
0
0
0
0
0
0
0
0
0
0
0
0
0
0
0
0
0
0
0
0
0
0
0
0
0
0
0
0
0
0
0
0
0
0
0
0
0
0
0
0
0
0
0
0
0
0
0
0
0
0
0
0
0
0
0
0
0
0
0
0
0
0
0
0
0
0
0
0
0
0
0
0
0
0
0
0
0
0
0
0
0
0
0
0
0
0
0
0
0
0
0
0
0
0
0
0
0
0
0
0
0
0
0
0
0
0
0
0
0
0
0
0
0
0
0
0
0
0
0
0
0
0
0
0
0
0
0
0
0
0
0
0
0
0
0
0
0
0
0
0
0
0
0
0
0
0
0
0
0
0
0
0
0
0
0
0
0
0
0
0
0
0
0
0
0
0
0
0
0
0
0
0
0
0
0
0
0
0
0
0
0
0
0
0
0
0
0
0
0
0
0
0
0
0
0
0
0
0
0
0
0
0
0
0
0
0
0
0
0
0
0
0
0
0
0
0
0
0
0
0
0
0
0
0
0
0
0
0
0
0
0
0
0
0
0
0
0
0
0
0
0
0
0
0
0
0
0
0
0
0
0
0
0
0
0
0
0
0
0
0
0
0
0
0
0
0
0
0
0
0
0
0
0
0
0
0
0
0
0
0
0
0
0
0
0
0
0
0
0
0
0
0
0
0
0
0
0
0
0
0
0
0
0
0
0
0
0
0
0
0
0
0
0
0
0
0
0
0
0
0
0
0
0
0
0
0
0
0
0
0
0
0
0
0
0
0
0
0
0
0
0
0
0
0
0
0
0
0
0
0
0
0
0
0
0
0
0
0
0
0
0
0
0
0
0
0
0
0
0
0
0
0
0
0
0
0
0
0
0
0
0
0
0
0
0
0
0
0
0
0
0
0
0
0
0
0
0
0
0
0
0
0
0
0
0
0
0
0
0
0
0
0
0
0
0
0
0
0
0
0
0
0
0
0
0
0
0
0
0
0
0
0
0
0
0
0
0
0
0
0
0
0
0
0
0
0
0
0
0
0
0
0
0
0
0
0
0
0
0
0
0
0
0
0
0
0
0
0
0
0
0
0
0
0
0
0
0
0
0
0
0
0
0
0
0
0
0
0
0
0
0
0
0
0
0
0
0
0
0
0
0
0
0
0
0
0
0
0
0
0
0
0
0
0
0
0
0
0
0
0
0
0
0
0
0
0
0
0
0
0
0
0
0
0
0
0
0
0
0
0
0
0
0
0
0
0
0
0
0
0
0
0
0
0
0
0
0
0
0
0
0
0
0
0
0
0
0
0
0
0
0
0
0
0
0
0
0
0
0
0
0
0
0
0
0
0
0
0
0
0
0
0
0
0
0
0
0
0
0
0
0
0
0
0
0
0
0
0
0
0
0
0
0
0
0
0
0
0
0
0
0
0
0
0
0
0
0
0
0
0
0
0
0
0
0
0
0
0
0
0
0
0
0
0
0
0
0
0
0
0
0
0
0
0
0
0
0
0
0
0
0
0
0
0
0
0
0
0
0
0
0
0
0
0
0
0
0
0
0
0
0
0
0
0
0
0
0
0
0
0
0
0
0
0
0
0
0
0
0
0
0
0
0
0
0
0
0
0
0
0
0
0
0
0
0
0
0
0
0
0
0
0
0
0
0
0
0
0
0
0
0
0
0
0
0
0
0
0
0
0
0
0
0
0
0
0
0
0
0
0
0
0
0
0
0
0
0
0
0
0
0
0
0
0
0
0
0
0
0
0
0
0
0
0
0
0
0
0
0
0
0
0
0
0
0
0
0
0
0
0
0
0
0
0
0
0
0
0
0
0
0
0
0
0
0
0
0
0
0
0
0
0
0
0
0
0
0
0
0
0
0
0
0
0
0
0
0
0
0
0
0
0
0
0
0
0
0
0
0
0
0
0
0
0
0
0
0
0
0
0
0
0
0
0
0
0
0
0
0
0
0
0
0
0
0
0
0
0
0
0
0
0
0
0
0
0
0
0
0
0
0
0
0
0
0
0
0
0
0
0
0
0
0
0
0
0
0
0
0
0
0
0
0
0
0
0
0
0
0
0
0
0
0
0
0
0
0
0
0
0
0
0
0
0
0
0
0
0
0
0
0
0
0
0
0
0
0
0
0
0
0
0
0
0
0
0
0
0
0
0
0
0
0
0
0
0
0
0
0
0
0
0
0
0
0
0
0
0
0
0
0
0
0
0
0
0
0
0
0
0
0
0
0
0
0
0
0
0
0
0
0
0
0
0
0
0
0
0
0
0
0
0
0
0
0
0
0
0
0
0
0
0
0
0
0
0
0
0
0
0
0
0
0
0
0
0
0
0
0
0
0
0
0
0
0
0
0
0
0
0
0
0
0
0
0
0
0
0
0
0
0
0
0
0
0
0
0
0
0
0
0
0
0
0
0
0
0
0
0
0
0
0
0
0
0
0
0
0
0
0
0
0
0
0
0
0
0
0
0
0
0
0
0
0
0
0
0
0
0
0
0
0
0
0
0
0
0
0
0
0
0
0
0
0
0
0
0
0
0
0
0
0
0
0
0
0
0
0
0
0
0
0
0
0
0
0
0
0
0
0
0
0
0
0
0
0
0
0
0
0
0
0
0
0
0
0
0
0
0
0
0
0
0
0
0
0
0
0
0
0
0
0
0
0
0
0
0
0
0
0
0
0
0
0
0
0
0
0
0
0
0
0
0
0
0
0
0
0
0
0
0
0
0
0
0
0
0
0
0
0
0
0
0
0
0
0
0
0
0
0
0
0
0
0
0
0
0
0
0
0
0
0
0
0
0
0
0
0
0
0
0
0
0
0
0
0
0
0
0
0
0
0
0
0
0
0
0
0
0
0
0
0
0
0
0
0
0
0
0
0
0
0
0
0
0
0
0
0
0
0
0
0
0
0
0
0
0
0
0
0
0
0
0
0
0
0
0
0
0
0
0
0
0
0
0
0
0
0
0
0
0
0
0
0
0
0
0
0
0
0
0
0
0
0
0
0
0
0
0
0
0
0
0
0
0
0
0
0
0
0
0
0
0
0
0
0
0
0
0
0
0
0
0
0
0
0
0
0
0
0
0
0
0
0
0
0
0
0
0
0
0
0
0
0
0
0
0
0
0
0
0
0
0
0
0
0
0
0
0
0
0
0
0
0
0
0
0
0
0
0
0
0
0
0
0
0
0
0
0
0
0
0
0
0
0
0
0
0
0
0
0
0
0
0
0
0
0
0
0
0
0
0
0
0
0
0
0
0
0
0
0
0
0
0
0
0
0
0
0
0
0
0
0
0
0
0
0
0
0
0
0
0
0
0
0
0
0
0
0
0
0
0
0
0
0
