0
50
56
58
54
53
53
66
79
87
74
81
84
124
123
116
148
155
170
144
189
190
196
198
273
275
282
338
360
341
386
431
444
491
510
572
638
649
697
684
780
866
927
978
1037
1155
1309
1377
1432
1562
1634
1790
1853
1881
1972
2004
2127
2228
2171
2177
2208
2172
1987
1960
1814
1795
1774
1664
1495
1400
1367
1218
1151
1173
1123
1121
1113
1135
1085
1082
1127
1109
1156
1171
1263
1240
1242
1278
1292
1451
1441
1441
1451
1532
1618
1632
1783
1784
1848
1896
1972
2142
2219
2288
2411
2473
2668
2638
2828
2970
3076
3001
3174
3190
3269
3262
3227
3108
3209
3202
3381
3368
3377
3332
3321
3472
3530
3436
3562
3573
3621
3481
3657
3577
3497
3500
3405
3381
3220
3124
3069
2921
2655
2481
2365
2336
2159
2042
1978
1877
1823
1641
1776
1715
1675
1686
1612
1576
1666
1719
1692
1752
1709
1750
1818
1950
1923
1932
2033
2100
2193
2303
2418
2491
2553
2711
2912
2830
2973
2986
3151
3186
3316
3377
3366
3492
3476
3464
3575
3559
3628
3607
3611
3634
3723
3848
3876
3879
3939
3838
4052
4215
4192
4228
4367
4349
4487
4289
4329
4291
4183
4046
3958
3773
3712
3337
3313
3079
2955
2865
2613
2362
2206
2131
1921
1829
1745
1764
1622
1638
1541
1410
1453
1506
1493
1443
1500
1475
1518
1558
1574
1633
1606
1651
1735
1741
1744
1919
1845
1915
2046
2077
2153
2150
2252
2260
2325
2356
2465
2603
2542
2680
2603
2600
2684
2688
2804
2747
2857
2775
2849
2923
2903
2867
2822
2847
2953
2875
3043
2877
3027
3036
3008
3009
3121
3141
3265
3242
3280
3292
3333
3301
3326
3379
3232
3239
3275
3219
3142
2893
2817
2758
2724
2509
2444
2227
2068
1879
1845
1686
1549
1463
1359
1421
1358
1261
1209
1223
1286
1168
1182
1238
1134
1221
1166
1199
1273
1282
1256
1360
1400
1455
1407
1432
1510
1456
1544
1618
1584
1655
1685
1668
1819
1653
1824
1776
1819
1880
1900
1845
1888
2003
1905
1905
1883
1985
1992
1960
1873
1917
2011
2059
2052
2030
2070
2043
2156
2069
2152
2210
2149
2246
2201
2236
2194
2166
2200
2234
2175
2143
2227
2148
2041
1995
1953
1798
1749
1708
1615
1475
1396
1285
1240
1146
1064
1030
940
934
918
848
835
840
772
824
840
835
744
804
826
810
802
830
846
856
887
916
857
986
942
976
938
922
1024
925
1060
1052
1036
1093
1066
1061
1097
1022
1153
1132
1130
1138
1106
1081
1191
1137
1196
1203
1179
1210
1197
1173
1215
1173
1194
1239
1250
1235
1256
1222
1292
1256
1339
1309
1296
1378
1373
1283
1263
1163
1224
1244
1140
1226
1105
1075
1032
918
927
935
808
790
692
652
617
622
604
585
542
507
524
466
506
469
466
430
453
460
436
495
458
515
486
483
514
468
487
512
509
535
509
549
543
556
574
519
548
550
592
558
574
569
602
585
613
607
583
614
604
661
633
618
603
667
617
611
622
628
642
649
621
603
637
734
722
628
655
665
707
707
707
669
700
676
664
662
593
595
567
535
528
468
488
460
415
409
367
368
326
337
298
294
308
247
256
261
224
251
249
247
253
243
228
218
244
210
214
254
248
265
266
268
261
264
264
263
262
261
282
256
298
252
304
285
340
292
286
334
311
292
301
297
304
323
300
313
297
276
324
285
311
323
319
295
305
337
314
332
389
310
343
317
364
333
325
305
342
326
318
284
300
274
263
246
273
239
216
193
203
204
175
176
151
147
161
141
132
132
133
104
120
127
117
103
99
112
107
146
118
126
110
111
130
112
122
130
124
130
126
125
110
109
130
115
132
120
154
144
138
141
127
115
134
133
142
127
140
138
140
143
131
136
132
129
143
145
144
132
135
153
143
132
185
133
134
136
137
145
145
136
142
141
153
121
123
121
105
113
111
102
84
105
99
83
95
77
62
71
67
52
60
59
50
49
48
49
55
44
63
51
53
52
54
53
50
33
50
65
58
49
55
59
53
48
53
65
60
50
54
53
59
51
63
67
59
61
61
65
57
64
55
58
63
60
55
44
72
55
67
62
54
55
56
73
62
75
65
57
69
52
66
66
60
57
60
47
54
66
61
59
40
48
55
49
30
45
47
22
29
38
29
30
19
27
36
32
22
27
25
19
19
26
21
19
7
24
15
24
13
18
31
24
21
23
15
19
33
29
21
24
23
25
22
20
22
23
25
12
22
34
15
15
22
25
27
28
24
23
16
21
20
25
27
24
26
23
17
20
21
29
24
15
25
20
20
22
17
24
20
31
28
21
19
21
24
16
25
13
26
10
9
16
11
12
4
10
7
9
12
12
11
15
14
8
13
11
10
4
10
11
12
7
13
4
12
6
5
8
9
11
9
5
12
13
9
12
8
17
10
10
11
5
5
14
8
10
9
7
9
5
9
9
7
11
9
11
7
5
7
9
5
11
9
13
19
5
9
6
10
8
16
5
7
7
4
6
8
4
7
10
7
10
7
7
4
10
5
6
3
4
6
4
3
2
2
5
8
1
0
2
3
6
6
6
3
5
4
5
5
4
5
4
0
3
2
2
3
4
2
5
5
4
3
6
4
4
7
2
4
1
2
1
1
4
6
2
3
2
2
4
3
9
4
7
4
6
3
0
7
6
8
1
2
8
2
3
3
0
2
4
2
1
2
0
3
2
0
2
1
2
1
3
0
0
2
4
1
0
1
2
1
1
0
2
1
2
2
0
2
2
1
2
1
0
1
1
2
2
1
0
0
2
2
0
1
0
1
4
1
1
2
1
1
0
0
3
1
1
0
2
0
2
0
0
1
0
1
0
0
2
2
2
1
0
3
1
1
2
1
1
1
1
4
1
0
1
2
2
3
0
1
0
0
0
0
1
0
1
0
0
0
2
0
0
2
0
0
0
0
0
0
2
0
0
0
0
0
0
1
0
0
0
0
1
0
0
1
0
2
1
1
2
0
0
0
0
3
0
1
2
0
1
0
0
0
1
1
0
0
0
1
0
0
0
1
0
3
1
1
0
0
0
0
0
0
0
0
0
0
0
0
1
1
0
0
0
0
0
0
0
0
0
0
0
0
0
0
1
0
0
0
0
1
0
0
0
0
0
1
0
0
0
0
0
0
1
0
1
0
0
1
0
0
0
1
0
0
0
0
0
0
0
0
0
1
1
1
0
0
0
1
0
0
0
0
0
0
0
0
0
0
1
0
0
1
1
0
0
0
1
0
0
0
1
1
0
0
0
0
0
0
0
0
0
0
0
0
0
0
1
0
0
0
0
0
0
0
0
0
1
0
0
1
0
0
0
0
0
0
0
0
0
0
0
0
0
0
0
0
1
0
0
0
0
0
0
1
0
0
0
0
0
0
0
0
0
0
0
0
0
0
0
0
0
0
0
0
0
0
0
0
0
0
1
0
0
0
0
0
0
0
0
0
0
0
0
0
0
0
0
0
0
0
0
0
0
0
0
0
0
0
0
0
0
0
0
0
0
0
0
0
0
0
0
0
0
0
0
0
0
0
0
0
0
0
0
0
0
0
0
0
0
0
0
0
0
0
0
0
0
0
0
0
0
0
0
0
0
0
0
0
0
0
0
0
0
0
0
0
0
0
0
0
0
0
0
0
0
0
0
0
0
0
0
0
0
0
0
0
0
0
0
0
0
0
0
0
0
0
0
0
0
0
0
0
0
0
0
0
0
0
0
0
0
0
0
0
0
0
0
0
0
0
0
0
0
0
0
0
0
0
0
0
0
0
0
0
0
0
0
0
0
0
0
0
0
0
0
0
0
0
0
0
0
0
0
0
0
0
0
0
0
0
0
0
0
0
0
0
0
0
0
0
0
0
0
0
0
0
0
0
0
0
0
0
0
0
0
0
0
0
0
0
0
0
0
0
0
0
0
0
0
0
0
0
0
0
0
0
0
0
0
0
0
0
0
0
0
0
0
0
0
0
0
0
0
0
0
0
0
0
0
0
0
0
0
0
0
0
0
0
0
0
0
0
0
1
0
0
0
0
0
0
0
0
0
0
0
0
0
0
0
0
0
0
0
0
0
0
0
0
0
0
0
0
0
0
0
0
0
0
0
0
0
0
0
0
0
0
0
0
0
0
0
0
0
0
0
0
0
0
0
0
0
0
0
0
0
0
0
0
0
0
0
0
0
0
0
0
0
0
0
0
0
0
0
0
0
0
0
0
0
0
0
0
0
0
0
0
0
0
0
0
0
0
0
0
0
0
0
0
0
0
0
0
0
0
0
0
0
0
0
0
0
0
0
0
0
0
0
0
0
0
0
0
0
0
0
0
0
0
0
0
0
0
0
0
0
0
0
0
0
0
0
0
0
0
0
0
0
0
0
0
0
0
0
0
0
0
0
0
0
0
0
0
0
0
0
0
0
0
0
0
0
0
0
0
0
0
0
0
0
0
0
0
0
0
0
0
0
0
0
0
0
0
0
0
0
0
0
0
0
0
0
0
0
0
0
0
0
0
0
0
0
0
0
0
0
0
0
0
0
0
0
0
0
0
0
0
0
0
0
0
0
0
0
0
0
0
0
0
0
0
0
0
0
0
0
0
0
0
0
0
0
0
0
0
0
0
0
0
0
0
0
0
0
0
0
0
0
0
0
0
0
0
0
0
0
0
0
0
0
0
0
0
0
0
0
0
0
0
0
0
0
0
0
0
0
0
0
0
0
0
0
0
0
0
0
0
0
0
0
0
0
0
0
0
0
0
0
0
0
0
0
0
0
0
0
0
0
0
0
0
0
0
0
0
0
0
0
0
0
0
0
0
0
0
0
0
0
0
0
0
0
0
0
0
0
0
0
0
0
0
0
0
0
0
0
0
0
0
0
0
0
0
0
0
0
0
0
0
0
0
0
0
0
0
0
0
0
0
0
0
0
0
0
0
0
0
0
0
0
0
0
0
0
0
0
0
0
0
0
0
0
0
0
0
0
0
0
0
0
0
0
0
0
0
0
0
0
0
0
0
0
0
0
0
0
0
0
0
0
0
0
0
0
0
0
0
0
0
0
0
0
0
0
0
0
0
0
0
0
0
0
0
0
0
0
0
0
0
0
0
0
0
0
0
0
0
0
0
0
0
0
0
0
0
0
0
0
0
0
0
0
0
0
0
0
0
0
0
0
0
0
0
0
0
0
0
0
0
0
0
0
0
0
0
0
0
0
0
0
0
0
0
0
0
0
0
0
0
0
0
0
0
0
0
0
0
0
0
0
0
0
0
0
0
0
0
0
0
0
0
0
0
0
0
0
0
0
0
0
0
0
0
0
0
0
0
0
0
0
0
0
0
0
0
0
0
0
0
0
0
0
0
0
0
0
0
0
0
0
0
0
0
0
0
0
0
0
0
0
0
0
0
0
0
0
0
0
0
0
0
0
0
0
0
0
0
0
0
0
0
0
0
0
0
0
0
0
0
0
0
0
0
0
0
0
0
0
0
0
0
0
0
0
0
0
0
0
0
0
0
0
0
0
0
0
0
0
0
0
0
0
0
0
0
0
0
0
0
0
0
0
0
0
0
0
0
0
0
0
0
0
0
0
0
0
0
0
0
0
0
0
0
0
0
0
0
0
0
0
0
0
0
0
0
0
0
0
0
0
0
0
0
0
0
0
0
0
0
0
0
0
0
0
0
0
0
0
0
0
0
0
0
0
0
0
0
0
0
0
0
0
0
0
0
0
0
0
0
0
0
0
0
0
0
0
0
0
0
0
0
0
0
0
0
0
0
0
0
0
0
0
0
0
0
0
0
0
0
0
0
0
0
0
0
0
0
0
0
0
0
0
0
0
0
0
0
0
0
0
0
0
0
0
0
0
0
0
0
0
0
0
0
0
0
0
0
0
0
0
0
0
0
0
0
0
0
0
0
0
0
0
0
0
0
0
0
0
0
0
0
0
0
0
0
0
0
0
0
0
0
0
0
0
0
0
0
0
0
0
0
0
0
0
0
0
0
0
0
0
0
0
0
0
0
0
0
0
0
0
0
0
0
0
0
0
0
0
0
0
0
0
0
0
0
0
0
0
0
0
0
0
0
0
0
0
0
0
0
0
0
0
0
0
0
0
0
0
0
0
0
0
0
0
0
0
0
0
0
0
0
0
0
0
0
0
0
0
0
0
0
0
0
0
0
0
0
0
0
0
0
0
0
0
0
0
0
0
0
0
0
0
0
0
0
0
0
0
0
0
0
0
0
0
0
0
0
0
0
0
0
0
0
0
0
0
0
0
0
0
0
0
0
0
0
0
0
0
0
0
0
0
0
0
0
0
0
0
0
0
0
0
0
0
0
0
0
0
0
0
0
0
0
0
0
0
0
0
0
0
0
0
0
0
0
0
0
0
0
0
0
0
0
0
0
0
0
0
0
0
0
0
0
0
0
0
0
0
0
0
0
0
0
0
0
0
0
0
0
0
0
0
0
0
0
0
0
0
0
0
0
0
0
0
0
0
0
0
0
0
0
0
0
0
0
0
0
0
0
0
0
0
0
0
0
0
0
0
0
0
0
0
0
0
0
0
0
0
0
0
0
0
0
0
0
0
0
0
0
0
0
0
0
0
0
0
0
0
0
0
0
0
0
0
0
0
0
0
0
0
0
0
0
0
0
0
0
0
0
0
0
0
0
0
0
0
0
0
0
0
0
0
0
0
0
0
0
0
0
0
0
0
0
0
0
0
0
0
0
0
0
0
0
0
0
0
0
0
0
0
0
0
0
0
0
0
0
0
0
0
0
0
0
0
0
0
0
0
0
0
0
0
0
0
0
0
0
0
0
0
0
0
0
0
0
0
0
0
0
0
0
0
0
0
0
0
0
0
0
0
0
0
0
0
0
0
0
0
0
0
0
0
0
0
0
0
0
0
0
0
0
0
0
0
0
0
0
0
0
0
0
0
0
0
0
0
0
0
0
0
0
0
0
0
0
0
0
0
0
0
0
0
0
0
0
0
0
0
0
0
0
0
0
0
0
0
0
0
0
0
0
0
0
0
0
0
0
0
0
0
0
0
0
0
0
0
0
0
0
0
0
0
0
0
0
0
0
0
0
0
0
0
0
0
0
0
0
0
0
0
0
0
0
0
0
0
0
0
0
0
0
0
0
0
0
0
0
0
0
0
0
0
0
0
0
0
0
0
0
0
0
0
0
0
0
0
0
0
0
0
0
0
0
0
0
0
0
0
0
0
0
0
0
0
0
0
0
0
0
0
0
0
0
0
0
0
0
0
0
0
0
0
0
0
0
0
0
0
0
0
0
0
0
0
0
0
0
0
0
0
0
0
0
0
0
0
0
0
0
0
0
0
0
0
0
0
0
0
0
0
0
0
0
0
0
0
0
0
0
0
0
0
0
0
0
0
0
0
0
0
0
0
0
0
0
0
0
0
0
0
0
0
0
0
0
0
0
0
0
0
0
0
0
0
0
0
0
0
0
0
0
0
0
0
0
0
0
0
0
0
0
0
0
0
0
0
0
0
0
0
0
0
0
0
0
0
0
0
0
0
0
0
0
0
0
0
0
0
0
0
0
0
0
0
0
0
0
0
0
0
0
0
0
0
0
0
0
0
0
0
0
0
0
0
0
0
0
0
0
0
0
0
0
0
0
0
0
0
0
0
0
0
0
0
0
0
0
0
0
0
0
0
0
0
0
0
0
0
0
0
0
0
0
0
0
0
0
0
0
0
0
0
0
0
0
0
0
0
0
0
0
0
0
0
0
0
0
0
0
0
0
0
0
0
0
0
0
0
0
0
0
0
0
0
0
0
0
0
0
0
0
0
0
0
0
0
0
0
0
0
0
0
0
0
0
0
0
0
0
0
0
0
0
0
0
0
0
0
0
0
0
0
0
0
0
0
0
0
0
0
0
0
0
0
0
0
0
0
0
0
0
0
0
0
0
0
0
0
0
0
0
0
0
0
0
0
0
0
0
0
0
0
0
0
0
0
0
0
0
0
0
0
0
0
0
0
0
0
0
0
0
0
0
0
0
0
0
0
0
0
0
0
0
0
0
0
0
0
0
0
0
0
0
0
0
0
0
0
0
0
0
0
0
0
0
0
0
0
0
0
0
0
0
0
0
0
0
0
0
0
0
0
0
0
0
0
0
0
0
0
0
0
0
0
0
0
0
0
0
0
0
0
0
0
0
0
0
0
0
0
0
0
0
0
0
0
0
0
0
0
0
0
0
0
0
0
0
0
0
0
0
0
0
0
0
0
0
0
0
0
0
0
0
0
0
0
0
0
0
0
0
0
0
0
0
0
0
0
0
0
0
0
0
0
0
0
0
0
0
0
0
0
0
0
0
0
0
0
0
0
0
0
0
0
0
0
0
0
0
0
0
0
0
0
0
0
0
0
0
0
0
0
0
0
0
0
0
0
0
0
0
0
0
0
0
0
0
0
0
0
0
0
0
0
0
0
0
0
0
0
0
0
0
0
0
0
0
0
0
0
0
0
0
0
0
0
0
0
0
0
0
0
0
0
0
0
0
0
0
0
0
0
0
0
0
0
0
0
0
0
0
0
0
0
0
0
0
0
0
0
0
0
0
0
0
0
0
0
0
0
0
0
0
0
0
0
0
0
0
0
0
0
0
0
0
0
0
0
0
0
0
0
0
0
0
0
0
0
0
0
0
0
0
0
0
0
0
0
0
0
0
0
0
0
0
0
0
0
0
0
0
0
0
0
0
0
0
0
0
0
0
0
0
0
0
0
0
0
0
0
0
0
0
0
0
0
0
0
0
0
0
0
0
0
0
0
0
0
0
0
0
0
0
0
0
0
0
0
0
0
0
0
0
0
0
0
0
0
0
0
0
0
0
0
0
0
0
0
0
0
0
0
0
0
0
0
0
0
0
0
0
0
0
0
0
0
0
0
0
0
0
0
0
0
0
0
0
0
0
0
0
0
0
0
0
0
0
0
0
0
0
0
0
0
0
0
0
0
0
0
0
0
0
0
0
0
0
0
0
0
0
0
0
0
0
0
0
0
0
0
0
0
0
0
0
0
0
0
0
0
0
0
0
0
0
0
0
0
0
0
0
0
0
0
0
0
0
0
0
0
0
0
0
0
0
0
0
0
0
0
0
0
0
0
0
0
0
0
0
0
0
0
0
0
0
0
0
0
0
0
0
0
0
0
0
0
0
0
0
0
0
0
0
0
0
0
0
0
0
0
0
0
0
0
0
0
0
0
0
0
0
0
0
0
0
0
0
0
0
0
0
0
0
0
0
0
0
0
0
0
0
0
0
0
0
0
0
0
0
0
0
0
0
0
0
0
0
0
0
0
0
0
0
0
0
0
0
0
0
0
0
0
0
0
0
0
0
0
0
0
0
0
0
0
0
0
0
0
0
0
0
0
0
0
0
0
0
0
0
0
0
0
0
0
0
0
0
0
0
0
0
0
0
0
0
0
0
0
0
0
0
0
0
0
0
0
0
0
0
0
0
0
0
0
0
0
0
0
0
0
0
0
0
0
0
0
0
0
0
0
0
0
0
0
0
0
0
0
0
0
